0.850403 0.075032 0.023851 0.000837 0.049878 
0.550709 0.131715 0.075818 0.119471 0.122288 
0.610340 0.014783 0.076161 0.016291 0.282426 
0.789952 0.001235 0.002002 0.185473 0.021338 
0.702614 0.014994 0.000525 0.150834 0.131034 
0.761303 0.021885 0.163433 0.048645 0.004734 
0.602428 0.167844 0.086119 0.038940 0.104669 
0.679620 0.072137 0.012458 0.074816 0.160969 
0.710048 0.262377 0.003090 0.018824 0.005662 
0.832641 0.004999 0.024200 0.007515 0.130645 
0.919208 0.005447 0.028699 0.009454 0.037192 
0.867743 0.002593 0.011138 0.057615 0.060912 
0.241951 0.059186 0.181837 0.393046 0.123980 
0.272260 0.000999 0.254225 0.453817 0.018699 
0.720975 0.089330 0.026318 0.161447 0.001931 
0.717087 0.002046 0.000044 0.000356 0.280466 
0.794426 0.000582 0.006856 0.140026 0.058111 
0.686095 0.099027 0.081785 0.108512 0.024581 
0.460247 0.254638 0.228086 0.023598 0.033430 
0.645268 0.083905 0.264110 0.004822 0.001894 
0.768323 0.033515 0.041971 0.079425 0.076766 
0.434242 0.233877 0.108610 0.076486 0.146784 
0.478005 0.072321 0.239304 0.188746 0.021624 
0.902013 0.007749 0.022944 0.045622 0.021673 
0.582639 0.177955 0.000956 0.106955 0.131494 
0.840412 0.146422 0.004018 0.001964 0.007184 
0.640955 0.000555 0.115751 0.113954 0.128784 
0.415577 0.001325 0.108087 0.471739 0.003272 
0.640282 0.003566 0.011946 0.036504 0.307702 
0.659998 0.167408 0.116349 0.005394 0.050851 
0.516874 0.242327 0.163635 0.007443 0.069721 
0.647732 0.166779 0.127209 0.008374 0.049906 
0.103837 0.667300 0.014838 0.071419 0.142605 
0.111322 0.635094 0.006101 0.108379 0.139103 
0.260750 0.523589 0.047743 0.052248 0.115669 
0.626235 0.136125 0.163603 0.011685 0.062352 
0.010807 0.736809 0.184847 0.033398 0.034140 
0.158372 0.600148 0.154623 0.005650 0.081207 
0.271747 0.509531 0.091229 0.003070 0.124423 
0.829410 0.041690 0.004032 0.007181 0.117687 
0.370696 0.000372 0.468290 0.145683 0.014959 
0.539883 0.240907 0.127722 0.070992 0.020495 
0.634840 0.127648 0.073688 0.001438 0.162386 
0.438739 0.386119 0.050049 0.022702 0.102391 
0.512931 0.311661 0.016325 0.026324 0.132759 
0.180017 0.607229 0.141209 0.009756 0.061790 
0.210387 0.568032 0.137964 0.011402 0.072214 
0.216080 0.604143 0.145562 0.000224 0.033991 
0.700259 0.119853 0.054726 0.118762 0.006401 
0.364310 0.003560 0.335636 0.028959 0.267535 
0.544311 0.059903 0.137554 0.244462 0.013769 
0.524161 0.186548 0.194907 0.008935 0.085449 
0.475688 0.131323 0.312118 0.029160 0.051710 
0.260120 0.554016 0.123310 0.000522 0.062032 
0.280161 0.554245 0.092767 0.000002 0.072825 
0.352848 0.477252 0.087711 0.011017 0.071171 
0.647150 0.007513 0.083231 0.259747 0.002358 
0.653006 0.000126 0.023828 0.320133 0.002907 
0.033052 0.748424 0.113653 0.080182 0.024688 
0.176161 0.700846 0.066557 0.056426 0.000009 
0.049806 0.338993 0.472490 0.080415 0.058295 
0.007800 0.131453 0.678146 0.150005 0.032596 
0.056825 0.216191 0.508285 0.146356 0.072342 
0.000013 0.452398 0.496648 0.018148 0.032793 
0.143401 0.586205 0.127532 0.123860 0.019003 
0.235061 0.532695 0.035250 0.140306 0.056687 
0.069807 0.078357 0.661222 0.138780 0.051834 
0.104029 0.037009 0.588241 0.225347 0.045374 
0.345525 0.453045 0.080635 0.025033 0.095762 
0.486560 0.325799 0.130095 0.000389 0.057157 
0.355193 0.413362 0.097048 0.011140 0.123257 
0.481239 0.034067 0.442411 0.030525 0.011758 
0.621325 0.004827 0.304974 0.068618 0.000255 
0.598125 0.276837 0.093302 0.011309 0.020427 
0.455414 0.318718 0.131849 0.000028 0.093991 
0.157553 0.473100 0.232733 0.049040 0.087573 
0.150730 0.528859 0.229808 0.031146 0.059457 
0.100943 0.427375 0.361661 0.061553 0.048468 
0.023092 0.218599 0.526387 0.110315 0.121607 
0.011580 0.189584 0.490918 0.147253 0.160666 
0.514973 0.239375 0.160650 0.003959 0.081043 
0.008896 0.130397 0.220766 0.516027 0.123913 
0.208412 0.123765 0.605472 0.000767 0.061583 
0.113858 0.144235 0.635914 0.102445 0.003548 
0.110382 0.306827 0.343964 0.105854 0.132974 
0.357428 0.000704 0.360813 0.232448 0.048607 
0.051280 0.616746 0.139202 0.192459 0.000312 
0.017422 0.110783 0.609084 0.204126 0.058585 
0.032924 0.377059 0.016531 0.460532 0.112955 
0.003267 0.322207 0.081522 0.545597 0.047408 
0.660558 0.130774 0.023832 0.170514 0.014322 
0.428445 0.030658 0.292155 0.057537 0.191204 
0.250751 0.004930 0.657898 0.005859 0.080562 
0.257128 0.088574 0.579054 0.002499 0.072744 
0.432088 0.397948 0.037069 0.008715 0.124179 
0.051470 0.088052 0.549862 0.144689 0.165927 
0.018737 0.074970 0.480401 0.198386 0.227505 
0.001473 0.063582 0.225195 0.528882 0.180867 
0.015291 0.719017 0.093141 0.026629 0.145922 
0.101459 0.540423 0.039372 0.127117 0.191629 
0.005050 0.629005 0.023304 0.069782 0.272859 
0.386506 0.000969 0.271160 0.322360 0.019004 
0.182957 0.011724 0.640113 0.038549 0.126657 
0.592187 0.206196 0.006063 0.017481 0.178073 
0.215353 0.558191 0.029513 0.025791 0.171151 
0.306176 0.510127 0.090550 0.000462 0.092685 
0.591022 0.166681 0.008769 0.206926 0.026601 
0.199249 0.430261 0.095861 0.008703 0.265925 
0.497596 0.006469 0.449341 0.029165 0.017429 
0.282031 0.488906 0.216149 0.012906 0.000008 
0.007650 0.480613 0.408636 0.004952 0.098149 
0.111141 0.313470 0.111142 0.459286 0.004961 
0.193269 0.047903 0.648296 0.001276 0.109255 
0.333326 0.229516 0.330919 0.097170 0.009069 
0.604497 0.006012 0.118613 0.270548 0.000330 
0.463582 0.067386 0.422251 0.026088 0.020693 
0.305058 0.123324 0.440519 0.101470 0.029628 
0.409052 0.219130 0.042577 0.102723 0.226518 
0.002529 0.696438 0.130184 0.085305 0.085544 
0.204791 0.467792 0.190541 0.017438 0.119438 
0.041535 0.154229 0.479546 0.223033 0.101657 
0.312441 0.314085 0.000034 0.087575 0.285865 
0.080356 0.071550 0.731656 0.102722 0.013717 
0.068664 0.007648 0.512579 0.261177 0.149933 
0.049399 0.485345 0.145370 0.294103 0.025783 
0.496122 0.023202 0.101884 0.005379 0.373413 
0.124001 0.000211 0.330927 0.457145 0.087716 
0.047672 0.059389 0.355877 0.356006 0.181056 
0.161578 0.425626 0.014820 0.218697 0.179279 
0.170656 0.175569 0.432497 0.183163 0.038115 
0.333093 0.328973 0.150293 0.003085 0.184556 
0.630194 0.097081 0.052114 0.000652 0.219958 
0.063876 0.443891 0.246832 0.033020 0.212381 
0.118183 0.051520 0.684600 0.141784 0.003913 
0.082948 0.518402 0.051954 0.045403 0.301293 
0.368596 0.143498 0.319078 0.007863 0.160965 
0.005922 0.205433 0.698706 0.025574 0.064366 
0.139485 0.192237 0.569141 0.068006 0.031132 
0.330183 0.001641 0.115033 0.545816 0.007327 
0.371457 0.023938 0.068315 0.487145 0.049146 
0.404329 0.199131 0.196753 0.133130 0.066658 
0.186373 0.348421 0.223941 0.042465 0.198800 
0.379304 0.490926 0.046099 0.064509 0.019162 
0.506205 0.178368 0.006717 0.006527 0.302182 
0.030549 0.098802 0.277179 0.274382 0.319088 
0.051672 0.315883 0.303035 0.329342 0.000069 
0.233430 0.123493 0.462910 0.129783 0.050385 
0.139453 0.248618 0.270307 0.091355 0.250267 
0.395252 0.034030 0.500818 0.038406 0.031493 
0.366830 0.456336 0.032264 0.000373 0.144197 
0.543486 0.002920 0.027678 0.377936 0.047979 
0.357376 0.226975 0.003776 0.348790 0.063084 
0.027250 0.224584 0.464117 0.283644 0.000405 
0.003273 0.052400 0.590005 0.262479 0.091843 
0.398825 0.335603 0.061151 0.002999 0.201422 
0.296379 0.398033 0.105313 0.017167 0.183107 
0.025676 0.000545 0.486504 0.456727 0.030548 
0.271350 0.088272 0.424610 0.004665 0.211104 
0.478281 0.291372 0.021995 0.001905 0.206446 
0.426250 0.094296 0.153694 0.210175 0.115585 
0.507916 0.203355 0.183829 0.023993 0.080907 
0.013169 0.002982 0.723016 0.260744 0.000088 
0.428808 0.000308 0.542434 0.002857 0.025593 
0.054628 0.233628 0.564218 0.140776 0.006750 
0.000660 0.014546 0.382735 0.289173 0.312886 
0.001331 0.000023 0.295503 0.277544 0.425598 
0.293024 0.341673 0.108095 0.022048 0.235160 
0.086900 0.099141 0.558275 0.225298 0.030386 
0.031217 0.154237 0.447606 0.357038 0.009902 
0.453588 0.094758 0.000173 0.243803 0.207678 
0.376962 0.018258 0.099790 0.484486 0.020504 
0.366332 0.075754 0.011091 0.007512 0.539311 
0.124935 0.205202 0.299406 0.366372 0.004085 
0.031618 0.000278 0.615849 0.006969 0.345286 
0.308589 0.197439 0.000404 0.066162 0.427406 
0.091134 0.497850 0.023237 0.309527 0.078252 
0.019150 0.251592 0.059111 0.028324 0.641823 
0.025956 0.283475 0.140530 0.002464 0.547575 
0.021695 0.216404 0.284690 0.199723 0.277488 
0.403316 0.241607 0.036668 0.005738 0.312672 
0.256361 0.255079 0.122636 0.057792 0.308133 
0.206598 0.171335 0.110489 0.087456 0.424123 
0.002502 0.811459 0.184939 0.000350 0.000751 
0.291958 0.040384 0.000627 0.002852 0.664179 
0.186164 0.580911 0.022486 0.175734 0.034705 
0.014605 0.050996 0.448588 0.006224 0.479588 
0.240856 0.028098 0.486243 0.000603 0.244199 
0.000212 0.196042 0.310950 0.490046 0.002750 
0.095203 0.029917 0.017224 0.180935 0.676721 
0.151313 0.030921 0.583952 0.199200 0.034614 
0.001790 0.294590 0.003383 0.585615 0.114622 
0.012242 0.176275 0.089047 0.722009 0.000427 
0.222543 0.243069 0.016032 0.074563 0.443793 
0.138749 0.104139 0.023127 0.189796 0.544189 
0.020819 0.058923 0.905821 0.011174 0.003262 
0.265180 0.142272 0.382639 0.120641 0.089268 
0.004328 0.244514 0.084189 0.648100 0.018869 
0.162650 0.073916 0.030623 0.116323 0.616488 
0.016678 0.097266 0.010824 0.811857 0.063376 
0.007085 0.288627 0.439838 0.245698 0.018752 
0.062983 0.091323 0.017142 0.798722 0.029830 
0.004036 0.239574 0.546469 0.153829 0.056093 
0.251780 0.032115 0.020971 0.017600 0.677535 
0.376988 0.037948 0.461846 0.014777 0.108440 
0.084656 0.073234 0.460186 0.300371 0.081554 
0.014126 0.108008 0.423263 0.428418 0.026185 
0.336006 0.019952 0.120437 0.337821 0.185784 
0.179482 0.016679 0.033214 0.017656 0.752969 
0.261403 0.411952 0.010035 0.169750 0.146860 
0.084407 0.112665 0.711479 0.027086 0.064361 
0.080864 0.823327 0.061300 0.004866 0.029642 
0.196586 0.005330 0.655837 0.055328 0.086919 
0.169491 0.150647 0.011865 0.469756 0.198241 
0.132846 0.057502 0.041391 0.632153 0.136109 
0.053330 0.075545 0.037339 0.826715 0.007071 
0.178431 0.134052 0.190178 0.491719 0.005620 
0.237942 0.025371 0.445601 0.004096 0.286992 
0.057090 0.068701 0.089281 0.763041 0.021886 
0.094569 0.001527 0.125264 0.611124 0.167515 
0.039944 0.000012 0.228559 0.045943 0.685542 
0.116942 0.010867 0.077946 0.065714 0.728530 
0.136947 0.090729 0.216929 0.066265 0.489130 
0.046147 0.020052 0.064347 0.131854 0.737601 
0.075942 0.025346 0.311440 0.578250 0.009022 
0.020004 0.678377 0.197033 0.092544 0.012042 
0.089051 0.005332 0.717035 0.094757 0.093825 
0.097016 0.004886 0.089480 0.694688 0.113931 
0.205580 0.019828 0.540725 0.049168 0.184700 
0.151487 0.212837 0.543453 0.025459 0.066764 
0.093201 0.098469 0.141031 0.247426 0.419872 
0.270131 0.155882 0.555074 0.000151 0.018762 
0.240473 0.076651 0.438503 0.000146 0.244228 
0.029300 0.138088 0.800791 0.003698 0.028124 
0.081471 0.000388 0.353574 0.363105 0.201461 
0.002183 0.575333 0.330439 0.090302 0.001743 
0.323098 0.087426 0.195559 0.135578 0.258339 
0.039856 0.057425 0.202974 0.621005 0.078740 
0.086648 0.004951 0.655752 0.065583 0.187067 
0.114276 0.042500 0.508002 0.150824 0.184398 
0.129575 0.296442 0.261543 0.312154 0.000285 
0.005488 0.014697 0.002433 0.970765 0.006617 
0.001878 0.000083 0.222769 0.691067 0.084203 
0.030913 0.008527 0.372051 0.562939 0.025570 
0.350855 0.043243 0.349232 0.256609 0.000060 
0.769174 0.026699 0.082078 0.017605 0.104445 
0.666418 0.003206 0.293587 0.036521 0.000267 
0.515313 0.118930 0.279384 0.010414 0.075959 
0.033319 0.001952 0.366175 0.566008 0.032546 
0.027753 0.072501 0.002610 0.191175 0.705961 
0.122930 0.019162 0.480614 0.240215 0.137078 
0.002263 0.063520 0.420856 0.354098 0.159262 
0.006215 0.468989 0.084434 0.386087 0.054276 
0.866139 0.032744 0.008812 0.021403 0.070902 
0.550121 0.105935 0.009279 0.042912 0.291753 
0.664804 0.000973 0.001297 0.113774 0.219152 
0.909015 0.008868 0.026141 0.038095 0.017881 
0.685828 0.223378 0.083122 0.006095 0.001576 
0.601132 0.087730 0.229144 0.078498 0.003496 
0.001889 0.001143 0.461480 0.389356 0.146132 
0.050693 0.273965 0.124859 0.075813 0.474670 
0.189467 0.346742 0.138062 0.011592 0.314137 
0.925988 0.008060 0.034677 0.019968 0.011307 
0.617919 0.006967 0.001117 0.279488 0.094509 
0.498470 0.121401 0.346712 0.001516 0.031902 
0.821814 0.000024 0.005257 0.043133 0.129772 
0.783544 0.003256 0.105848 0.002565 0.104787 
0.000815 0.163330 0.037160 0.611324 0.187371 
0.000032 0.005732 0.497582 0.154910 0.341744 
0.005762 0.006197 0.678975 0.037095 0.271972 
0.896328 0.000071 0.040364 0.058165 0.005073 
0.722137 0.125657 0.015786 0.120329 0.016091 
0.709471 0.004213 0.015897 0.000000 0.270419 
0.349679 0.063052 0.249390 0.062791 0.275088 
0.099988 0.228571 0.134258 0.000229 0.536954 
0.072833 0.003260 0.620703 0.006110 0.297095 
0.281067 0.050095 0.003387 0.583864 0.081587 
0.828088 0.000174 0.072780 0.072318 0.026640 
0.886074 0.003440 0.012906 0.063374 0.034206 
0.751688 0.103340 0.133602 0.000641 0.010729 
0.690957 0.153595 0.034242 0.036937 0.084268 
0.522590 0.192717 0.016365 0.005400 0.262928 
0.643943 0.035544 0.109029 0.005492 0.205992 
0.272672 0.227466 0.286366 0.007463 0.206033 
0.258686 0.005637 0.101848 0.578769 0.055060 
0.921363 0.023422 0.003668 0.050524 0.001024 
0.496289 0.002373 0.056820 0.137511 0.307007 
0.619520 0.002000 0.019805 0.296847 0.061827 
0.695673 0.059070 0.135013 0.101925 0.008318 
0.740391 0.015478 0.156631 0.012312 0.075189 
0.874128 0.039046 0.003376 0.008807 0.074643 
0.038269 0.767345 0.060604 0.117228 0.016555 
0.150868 0.466121 0.168822 0.115411 0.098779 
0.017310 0.737017 0.219326 0.021047 0.005301 
0.088768 0.866017 0.006559 0.027392 0.011264 
0.301616 0.655428 0.000015 0.013912 0.029029 
0.118715 0.672614 0.005808 0.167117 0.035747 
0.776574 0.054788 0.086067 0.000473 0.082098 
0.481044 0.000098 0.000003 0.263163 0.255691 
0.566657 0.000542 0.109002 0.042003 0.281795 
0.168281 0.012844 0.059027 0.655918 0.103930 
0.874017 0.043318 0.000711 0.005098 0.076857 
0.657788 0.256022 0.001608 0.027447 0.057136 
0.625993 0.205670 0.077191 0.057073 0.034072 
0.022207 0.002324 0.521877 0.124910 0.328682 
0.430986 0.342210 0.016997 0.154234 0.055573 
0.001582 0.577647 0.102432 0.131788 0.186551 
0.688941 0.070410 0.139703 0.045212 0.055734 
0.657295 0.133812 0.014748 0.137270 0.056875 
0.768283 0.012140 0.037433 0.013371 0.168773 
0.696415 0.115893 0.073129 0.057593 0.056970 
0.627995 0.008809 0.099153 0.046635 0.217408 
0.614252 0.022186 0.326964 0.000396 0.036202 
0.169083 0.179987 0.623085 0.025094 0.002752 
0.116724 0.080991 0.676592 0.090925 0.034768 
0.051045 0.193645 0.726092 0.002418 0.026800 
0.100322 0.826751 0.005677 0.005194 0.062055 
0.132326 0.585241 0.117414 0.072371 0.092649 
0.296397 0.631550 0.055769 0.005177 0.011106 
0.896793 0.000681 0.054172 0.007977 0.040377 
0.458185 0.245272 0.000146 0.052331 0.244066 
0.531871 0.298781 0.055295 0.007728 0.106325 
0.673533 0.094558 0.070406 0.089207 0.072296 
0.540715 0.085068 0.109439 0.181493 0.083285 
0.620271 0.026075 0.029699 0.089242 0.234712 
0.889991 0.011257 0.007050 0.003705 0.087997 
0.676122 0.016200 0.305461 0.000183 0.002033 
0.660079 0.001421 0.081628 0.177782 0.079090 
0.669906 0.119807 0.027304 0.015196 0.167787 
0.644390 0.018403 0.111228 0.001223 0.224755 
0.469068 0.004391 0.000029 0.069761 0.456751 
0.344533 0.001570 0.646296 0.000005 0.007596 
0.740886 0.057589 0.046383 0.108226 0.046916 
0.682420 0.002302 0.039139 0.008439 0.267700 
0.552494 0.046782 0.168870 0.000438 0.231415 
0.844380 0.000774 0.065995 0.088481 0.000370 
0.512852 0.045007 0.290750 0.039243 0.112148 
0.540781 0.001948 0.131536 0.207258 0.118478 
0.089105 0.523784 0.123342 0.252711 0.011057 
0.005426 0.705135 0.064561 0.188282 0.036596 
0.071105 0.609954 0.273477 0.041839 0.003624 
0.749408 0.138634 0.028965 0.072815 0.010177 
0.748242 0.029563 0.142398 0.000569 0.079228 
0.592383 0.130586 0.131372 0.089870 0.055789 
0.493397 0.089443 0.177953 0.208435 0.030771 
0.517318 0.044251 0.242101 0.151175 0.045156 
0.911745 0.004414 0.021156 0.051881 0.010802 
0.011926 0.598226 0.237534 0.054173 0.098141 
0.519800 0.003217 0.009171 0.266008 0.201804 
0.016119 0.638689 0.116326 0.150064 0.078803 
0.003638 0.503086 0.319089 0.097176 0.077010 
0.488313 0.277220 0.109537 0.122334 0.002596 
0.919135 0.000083 0.009702 0.023804 0.047277 
0.631776 0.002151 0.184936 0.064562 0.116574 
0.008175 0.619288 0.005845 0.067848 0.298843 
0.861572 0.068256 0.031962 0.022505 0.015705 
0.611630 0.086695 0.042879 0.236582 0.022214 
0.572006 0.000359 0.019006 0.208142 0.200487 
0.722384 0.052029 0.071563 0.062091 0.091933 
0.657980 0.026310 0.128042 0.000116 0.187552 
0.745517 0.020376 0.157421 0.005187 0.071499 
0.740999 0.110812 0.000598 0.079291 0.068301 
0.006392 0.558370 0.373200 0.000214 0.061824 
0.676631 0.218184 0.083135 0.018488 0.003563 
0.023310 0.295392 0.658689 0.010042 0.012567 
0.107558 0.269331 0.517588 0.105521 0.000003 
0.803296 0.071715 0.005582 0.051227 0.068180 
0.011403 0.589799 0.121801 0.276744 0.000253 
0.545599 0.000076 0.287094 0.106675 0.060555 
0.857294 0.022826 0.022696 0.020761 0.076423 
0.656374 0.112435 0.112167 0.073909 0.045115 
0.842560 0.027330 0.000495 0.000048 0.129567 
0.814370 0.064026 0.053272 0.022009 0.046323 
0.588874 0.045133 0.068783 0.087114 0.210096 
0.566702 0.246728 0.000133 0.186187 0.000249 
0.499007 0.413102 0.017968 0.045223 0.024700 
0.203227 0.000174 0.664584 0.011561 0.120454 
0.442211 0.371712 0.033443 0.146978 0.005656 
0.839232 0.004464 0.104384 0.016786 0.035134 
0.802137 0.020160 0.133996 0.018906 0.024800 
0.535459 0.394128 0.051754 0.000415 0.018244 
0.836000 0.003510 0.022814 0.045663 0.092013 
0.735935 0.082814 0.075856 0.000416 0.104980 
0.853278 0.000005 0.088135 0.045281 0.013302 
0.028869 0.680416 0.108836 0.133163 0.048715 
0.055328 0.005097 0.471134 0.018142 0.450298 
0.123489 0.539313 0.012532 0.158146 0.166520 
0.996181 0.001579 0.001813 0.000310 0.000117 
0.861996 0.008535 0.103950 0.015607 0.009912 
0.729151 0.104503 0.026999 0.003562 0.135784 
0.005572 0.871171 0.079380 0.036965 0.006913 
0.043369 0.000320 0.816602 0.009786 0.129923 
0.779415 0.000852 0.020884 0.066575 0.132274 
0.779398 0.112430 0.024275 0.001153 0.082744 
0.481222 0.332602 0.082163 0.003263 0.100751 
0.516860 0.154635 0.001271 0.065760 0.261473 
0.865052 0.048482 0.013375 0.028296 0.044796 
0.493483 0.000042 0.055933 0.176439 0.274103 
0.555500 0.313483 0.002776 0.098638 0.029603 
0.747563 0.005643 0.195910 0.046236 0.004648 
0.273756 0.709715 0.003484 0.000038 0.013007 
0.005906 0.069982 0.898419 0.025335 0.000359 
0.064652 0.753656 0.019956 0.091302 0.070433 
0.992023 0.002192 0.003729 0.001719 0.000336 
0.071316 0.569103 0.052173 0.249826 0.057582 
0.021389 0.000687 0.481939 0.283502 0.212483 
0.002159 0.053789 0.302874 0.054622 0.586556 
0.251862 0.348316 0.007685 0.301736 0.090401 
0.660614 0.107551 0.067427 0.024643 0.139764 
0.492405 0.191850 0.148398 0.029470 0.137877 
0.663244 0.303917 0.016604 0.000101 0.016134 
0.389827 0.162041 0.403723 0.044185 0.000224 
0.016255 0.385070 0.204157 0.211332 0.183186 
0.657973 0.101762 0.091704 0.141329 0.007232 
0.579725 0.021742 0.274739 0.047732 0.076062 
0.574791 0.003575 0.291823 0.129787 0.000023 
0.122274 0.705992 0.099008 0.060413 0.012313 
0.047680 0.510686 0.305762 0.018008 0.117864 
0.172929 0.539492 0.277907 0.001943 0.007730 
0.642654 0.125332 0.072429 0.072084 0.087501 
0.546889 0.031553 0.094593 0.001546 0.325418 
0.572320 0.010018 0.092262 0.322741 0.002658 
0.766848 0.044165 0.188738 0.000086 0.000163 
0.488419 0.000120 0.169987 0.285140 0.056333 
0.435010 0.069594 0.438215 0.046595 0.010585 
0.417545 0.455357 0.094044 0.019846 0.013208 
0.162423 0.761664 0.069733 0.000952 0.005228 
0.234665 0.512003 0.245466 0.006502 0.001365 
0.005011 0.780002 0.102103 0.075037 0.037847 
0.100321 0.547497 0.341067 0.007876 0.003239 
0.106614 0.589187 0.125950 0.120476 0.057774 
0.675214 0.142361 0.093493 0.007361 0.081570 
0.526483 0.208296 0.020260 0.050038 0.194924 
0.036022 0.002045 0.907611 0.054286 0.000037 
0.125264 0.774907 0.002003 0.002485 0.095342 
0.061743 0.077217 0.758042 0.094491 0.008508 
0.014077 0.878800 0.003638 0.047621 0.055865 
0.000004 0.639549 0.003798 0.256165 0.100483 
0.049399 0.590450 0.048416 0.306359 0.005377 
0.311157 0.059364 0.574971 0.000722 0.053787 
0.013473 0.229843 0.041301 0.691250 0.024133 
0.001447 0.002859 0.981001 0.000014 0.014678 
0.047958 0.001657 0.666752 0.000970 0.282663 
0.320916 0.168405 0.218681 0.291491 0.000507 
0.009631 0.355481 0.391796 0.096528 0.146563 
0.831941 0.032311 0.101288 0.034389 0.000071 
0.614667 0.089407 0.099387 0.062645 0.133892 
0.678435 0.000409 0.196371 0.000671 0.124114 
0.128352 0.572466 0.009218 0.115434 0.174529 
0.284745 0.307120 0.261914 0.140626 0.005595 
0.289449 0.580725 0.081305 0.030585 0.017936 
0.833923 0.113825 0.021192 0.018904 0.012157 
0.882900 0.001911 0.009617 0.104565 0.001007 
0.839476 0.001190 0.081193 0.074293 0.003848 
0.398593 0.171164 0.035377 0.257562 0.137304 
0.455844 0.115891 0.004014 0.123497 0.300754 
0.769040 0.014817 0.111469 0.014875 0.089799 
0.014669 0.002120 0.541789 0.312175 0.129247 
0.596236 0.110942 0.004022 0.283953 0.004848 
0.806327 0.001179 0.087640 0.086559 0.018295 
0.671143 0.032326 0.099290 0.126487 0.070755 
0.724410 0.026772 0.004845 0.162162 0.081811 
0.448075 0.032191 0.035187 0.012211 0.472336 
0.807909 0.048129 0.087129 0.002996 0.053837 
0.006987 0.580649 0.001491 0.409569 0.001303 
0.058459 0.638902 0.143347 0.153812 0.005481 
0.730034 0.100300 0.073839 0.059738 0.036089 
0.041160 0.475777 0.218502 0.231976 0.032585 
0.386228 0.353545 0.043549 0.027339 0.189338 
0.778077 0.123549 0.061353 0.036590 0.000432 
0.559617 0.107528 0.158304 0.081123 0.093428 
0.622114 0.263368 0.027037 0.084009 0.003472 
0.051967 0.780211 0.015581 0.008471 0.143770 
0.152859 0.599057 0.024522 0.027825 0.195736 
0.100154 0.805239 0.055709 0.000008 0.038891 
0.039891 0.295049 0.631222 0.033122 0.000716 
0.571272 0.389972 0.006362 0.009800 0.022595 
0.040243 0.285682 0.598911 0.032583 0.042581 
0.295715 0.494410 0.030735 0.090261 0.088879 
0.000340 0.014740 0.525946 0.025365 0.433610 
0.143181 0.188336 0.298390 0.004551 0.365542 
0.157880 0.706918 0.029301 0.103289 0.002610 
0.046877 0.772402 0.094125 0.000009 0.086588 
0.013691 0.036918 0.571612 0.283165 0.094613 
0.057427 0.000453 0.523322 0.114576 0.304221 
0.290330 0.667445 0.041211 0.000000 0.001014 
0.271426 0.526394 0.004658 0.093191 0.104330 
0.055963 0.885191 0.000699 0.052681 0.005465 
0.226506 0.269908 0.240080 0.258937 0.004569 
0.039673 0.009033 0.711430 0.136896 0.102967 
0.143681 0.527587 0.291433 0.010051 0.027247 
0.178007 0.037648 0.568976 0.164347 0.051023 
0.014356 0.942924 0.018497 0.019301 0.004922 
0.016437 0.728001 0.120059 0.010282 0.125221 
0.017798 0.659109 0.000585 0.312904 0.009604 
0.847601 0.026014 0.002624 0.010481 0.113280 
0.002431 0.637926 0.045685 0.000141 0.313816 
0.014153 0.626431 0.008717 0.007146 0.343553 
0.695291 0.064908 0.067741 0.063011 0.109049 
0.467933 0.014354 0.200913 0.038621 0.278179 
0.531091 0.053546 0.002904 0.129311 0.283148 
0.183066 0.613973 0.044764 0.046853 0.111343 
0.037152 0.780758 0.014658 0.014436 0.152996 
0.099246 0.736276 0.084020 0.000178 0.080281 
0.018352 0.818094 0.055739 0.100283 0.007532 
0.010837 0.657384 0.017976 0.308631 0.005171 
0.000868 0.623990 0.003587 0.274124 0.097431 
0.803291 0.003649 0.093168 0.093643 0.006249 
0.499881 0.001652 0.269031 0.125807 0.103629 
0.642307 0.007171 0.332451 0.013178 0.004891 
0.008727 0.326217 0.016536 0.333905 0.314615 
0.005206 0.088761 0.002338 0.606937 0.296758 
0.131296 0.136281 0.570433 0.122960 0.039031 
0.010869 0.065988 0.719125 0.024368 0.179650 
0.760016 0.036735 0.048205 0.075142 0.079902 
0.470592 0.207059 0.053996 0.001184 0.267169 
0.649683 0.004782 0.048865 0.193897 0.102772 
0.191522 0.011691 0.483030 0.074085 0.239672 
0.212967 0.198676 0.052439 0.046868 0.489050 
0.127377 0.537161 0.138406 0.075131 0.121925 
0.029240 0.430885 0.102016 0.124162 0.313697 
0.082892 0.500673 0.092901 0.091360 0.232174 
0.226793 0.592310 0.003642 0.004996 0.172258 
0.222777 0.590782 0.031607 0.129709 0.025126 
0.017166 0.899364 0.001504 0.076746 0.005220 
0.057406 0.016662 0.784745 0.070740 0.070447 
0.065369 0.144144 0.590374 0.000238 0.199874 
0.038665 0.004260 0.214263 0.732683 0.010128 
0.084653 0.001582 0.090186 0.558261 0.265317 
0.693142 0.072277 0.002249 0.231690 0.000642 
0.722015 0.068399 0.112399 0.094392 0.002796 
0.168007 0.510673 0.022162 0.263565 0.035593 
0.101271 0.572076 0.100566 0.158870 0.067216 
0.090949 0.095977 0.778203 0.001722 0.033150 
0.283738 0.072963 0.547697 0.065754 0.029849 
0.115115 0.014742 0.670515 0.033682 0.165947 
0.889450 0.019083 0.022539 0.047684 0.021245 
0.606475 0.201100 0.002537 0.060367 0.129522 
0.458422 0.272518 0.255048 0.003412 0.010601 
0.934407 0.000006 0.024420 0.000728 0.040439 
0.600370 0.007521 0.096660 0.009447 0.286002 
0.663742 0.116872 0.108001 0.000101 0.111285 
0.816938 0.015524 0.083118 0.049304 0.035115 
0.689551 0.027656 0.095513 0.176504 0.010776 
0.813278 0.073571 0.027483 0.082993 0.002675 
0.818525 0.071913 0.030212 0.063404 0.015947 
0.507189 0.303194 0.101288 0.069183 0.019146 
0.560308 0.316004 0.009993 0.000097 0.113599 
0.434443 0.007451 0.527988 0.015594 0.014525 
0.601228 0.042733 0.195913 0.066602 0.093524 
0.833330 0.006113 0.009402 0.087330 0.063824 
0.073941 0.722457 0.063013 0.005169 0.135421 
0.114399 0.467503 0.008712 0.090119 0.319268 
0.008235 0.322803 0.576042 0.083225 0.009695 
0.032416 0.112557 0.687200 0.058398 0.109428 
0.181882 0.199070 0.548457 0.032708 0.037883 
0.295560 0.139310 0.092680 0.376562 0.095888 
0.077193 0.079135 0.216521 0.551647 0.075504 
0.083612 0.290359 0.329250 0.287441 0.009337 
0.811032 0.076703 0.005140 0.071055 0.036070 
0.736062 0.001172 0.083167 0.179426 0.000174 
0.561431 0.052143 0.046395 0.337139 0.002892 
0.058690 0.750800 0.018206 0.089935 0.082369 
0.000139 0.493414 0.012355 0.245174 0.248918 
0.010917 0.002585 0.588445 0.093739 0.304313 
0.025625 0.889970 0.000038 0.038587 0.045781 
0.245535 0.136607 0.543437 0.031668 0.042753 
0.242474 0.016725 0.639633 0.000019 0.101149 
0.015291 0.917460 0.009327 0.038521 0.019401 
0.006545 0.535829 0.062372 0.321466 0.073787 
0.555716 0.016750 0.108522 0.318325 0.000687 
0.829988 0.032420 0.020681 0.096146 0.020765 
0.650293 0.023755 0.103144 0.172189 0.050620 
0.620847 0.001386 0.015572 0.361954 0.000242 
0.296137 0.013724 0.081169 0.001391 0.607579 
0.365613 0.298924 0.326107 0.009313 0.000043 
0.016206 0.102059 0.760021 0.057239 0.064476 
0.037932 0.291700 0.615479 0.007586 0.047304 
0.201212 0.626050 0.039619 0.000228 0.132890 
0.280928 0.128555 0.488199 0.011477 0.090841 
0.095763 0.741727 0.092881 0.032209 0.037420 
0.054181 0.622079 0.001520 0.264625 0.057594 
0.588260 0.054075 0.085741 0.012153 0.259771 
0.039939 0.842844 0.062575 0.004513 0.050129 
0.202811 0.462836 0.279703 0.053286 0.001364 
0.033302 0.542611 0.304544 0.045422 0.074121 
0.030537 0.001518 0.875827 0.040887 0.051232 
0.184984 0.000421 0.531413 0.004344 0.278840 
0.249879 0.019225 0.586881 0.019871 0.124144 
0.000210 0.069852 0.850092 0.071691 0.008155 
0.241107 0.531898 0.225676 0.001146 0.000173 
0.075241 0.284984 0.511604 0.094152 0.034020 
0.690810 0.081517 0.106735 0.001249 0.119689 
0.662684 0.023763 0.270881 0.010488 0.032185 
0.509230 0.003484 0.282892 0.033252 0.171142 
0.722438 0.048303 0.087553 0.046773 0.094933 
0.634661 0.124821 0.210121 0.002068 0.028328 
0.576068 0.063563 0.312977 0.037740 0.009652 
0.015339 0.019892 0.735150 0.124085 0.105533 
0.138354 0.551552 0.043185 0.265820 0.001090 
0.008918 0.058736 0.637861 0.028644 0.265841 
0.857600 0.028360 0.006608 0.044995 0.062437 
0.410338 0.275950 0.046057 0.173095 0.094559 
0.533570 0.274568 0.157079 0.025941 0.008841 
0.749249 0.080864 0.024911 0.042752 0.102223 
0.724100 0.020982 0.030186 0.182739 0.041993 
0.620896 0.039958 0.158045 0.138859 0.042243 
0.636548 0.045755 0.096837 0.039976 0.180884 
0.018345 0.701136 0.029494 0.200791 0.050235 
0.254694 0.428753 0.152629 0.027470 0.136455 
0.099776 0.389368 0.032833 0.074266 0.403756 
0.010772 0.619327 0.359219 0.009212 0.001470 
0.347258 0.028272 0.616598 0.005845 0.002027 
0.210855 0.528529 0.053124 0.204135 0.003358 
0.078982 0.670645 0.093215 0.075911 0.081247 
0.072070 0.789189 0.001804 0.067272 0.069665 
0.826921 0.024724 0.041079 0.040241 0.067035 
0.496851 0.198020 0.218219 0.070695 0.016215 
0.527497 0.051130 0.062159 0.252631 0.106583 
0.013806 0.202558 0.013885 0.100517 0.669234 
0.140954 0.308620 0.014185 0.254853 0.281387 
0.066577 0.366719 0.058934 0.159485 0.348286 
0.000740 0.032343 0.921605 0.000019 0.045294 
0.014030 0.249174 0.475353 0.030666 0.230777 
0.065820 0.218977 0.585961 0.083360 0.045882 
0.067216 0.216248 0.205680 0.059538 0.451317 
0.043682 0.159891 0.432716 0.226352 0.137359 
0.000764 0.448174 0.194190 0.148075 0.208797 
0.065053 0.393365 0.002498 0.393335 0.145750 
0.007541 0.653893 0.013972 0.314398 0.010196 
0.020012 0.681452 0.001179 0.279311 0.018046 
0.008684 0.093510 0.300408 0.563865 0.033533 
0.700582 0.088615 0.090776 0.065994 0.054033 
0.601693 0.183633 0.000216 0.018392 0.196066 
0.622408 0.275077 0.023379 0.010038 0.069098 
0.331030 0.450711 0.163665 0.021947 0.032648 
0.293071 0.188348 0.380408 0.045641 0.092532 
0.115536 0.351443 0.528038 0.002007 0.002975 
0.617676 0.252943 0.001035 0.122562 0.005784 
0.563761 0.403056 0.008429 0.001926 0.022828 
0.253010 0.038881 0.546751 0.125404 0.035954 
0.567513 0.125758 0.000899 0.228863 0.076967 
0.601934 0.346972 0.000879 0.050206 0.000008 
0.326833 0.387035 0.254289 0.000458 0.031385 
0.076270 0.673498 0.090957 0.040321 0.118953 
0.005251 0.594400 0.110056 0.158293 0.132001 
0.014758 0.511738 0.270478 0.162156 0.040870 
0.129402 0.771321 0.075853 0.005298 0.018125 
0.251573 0.425367 0.101814 0.220341 0.000905 
0.491695 0.452076 0.000562 0.048637 0.007030 
0.002625 0.009884 0.947541 0.011889 0.028061 
0.187576 0.050057 0.432256 0.070351 0.259760 
0.025030 0.205901 0.216669 0.501235 0.051164 
0.640986 0.013515 0.134827 0.003712 0.206961 
0.216794 0.177703 0.048767 0.035485 0.521252 
0.063825 0.013736 0.000220 0.072127 0.850092 
0.330480 0.006991 0.018590 0.563003 0.080936 
0.037284 0.640833 0.291076 0.000078 0.030729 
0.801327 0.101173 0.039605 0.050737 0.007159 
0.141225 0.637680 0.194056 0.010488 0.016551 
0.808490 0.031838 0.037851 0.115012 0.006810 
0.002555 0.474610 0.000117 0.132074 0.390644 
0.638606 0.004798 0.231997 0.062487 0.062111 
0.109856 0.534272 0.002746 0.000109 0.353017 
0.050247 0.054146 0.871063 0.023256 0.001288 
0.224926 0.099886 0.483940 0.174159 0.017089 
0.144004 0.040170 0.646225 0.098395 0.071206 
0.043901 0.110796 0.728082 0.114988 0.002233 
0.042166 0.082240 0.571644 0.298378 0.005572 
0.700159 0.129565 0.051244 0.061602 0.057430 
0.366184 0.139348 0.352215 0.089565 0.052688 
0.425147 0.467439 0.063558 0.000020 0.043837 
0.008341 0.522772 0.212387 0.256234 0.000267 
0.118026 0.747015 0.020178 0.105548 0.009234 
0.077363 0.381965 0.001174 0.119041 0.420458 
0.002429 0.337906 0.395636 0.078664 0.185365 
0.057417 0.305301 0.306973 0.264127 0.066182 
0.015646 0.640942 0.147936 0.044616 0.150860 
0.001765 0.508275 0.215349 0.055393 0.219219 
0.073860 0.009442 0.835500 0.027613 0.053584 
0.039481 0.732154 0.131790 0.071898 0.024676 
0.142627 0.554555 0.227062 0.062659 0.013098 
0.664354 0.116519 0.111702 0.078536 0.028889 
0.018509 0.622784 0.008130 0.343893 0.006685 
0.003524 0.608204 0.131173 0.122548 0.134551 
0.007788 0.169953 0.811879 0.007301 0.003079 
0.076904 0.220305 0.695592 0.004577 0.002622 
0.004245 0.835900 0.002436 0.098522 0.058896 
0.001983 0.631216 0.024307 0.122563 0.219930 
0.053831 0.874108 0.018637 0.004457 0.048967 
0.000258 0.600001 0.147130 0.115464 0.137147 
0.511016 0.000497 0.243891 0.069953 0.174644 
0.495061 0.000298 0.220699 0.179148 0.104793 
0.047052 0.718022 0.084433 0.052787 0.097707 
0.874223 0.035537 0.000475 0.037239 0.052527 
0.008823 0.577398 0.072635 0.053194 0.287950 
0.520489 0.021598 0.000648 0.204244 0.253022 
0.659073 0.046252 0.003051 0.287163 0.004461 
0.000379 0.273861 0.025062 0.004577 0.696121 
0.258453 0.215193 0.030865 0.490438 0.005050 
0.023762 0.842163 0.038579 0.024152 0.071344 
0.002986 0.521821 0.088605 0.094739 0.291849 
0.527879 0.220302 0.006208 0.004097 0.241514 
0.001685 0.862884 0.036325 0.002628 0.096479 
0.047508 0.631175 0.115876 0.157563 0.047878 
0.571590 0.265562 0.000059 0.031471 0.131317 
0.935460 0.031234 0.016648 0.008432 0.008226 
0.420296 0.271985 0.038364 0.068519 0.200836 
0.482076 0.292118 0.159820 0.000619 0.065366 
0.616071 0.037186 0.022049 0.033992 0.290702 
0.372390 0.063130 0.238557 0.026066 0.299858 
0.056662 0.782263 0.065246 0.043443 0.052386 
0.055186 0.903986 0.000001 0.038239 0.002588 
0.151752 0.702679 0.131405 0.005149 0.009015 
0.003369 0.094208 0.737795 0.069688 0.094940 
0.228638 0.455452 0.000444 0.023356 0.292109 
0.061905 0.603766 0.039826 0.000038 0.294465 
0.792919 0.065211 0.020769 0.043716 0.077385 
0.543647 0.002217 0.187841 0.251056 0.015240 
0.594518 0.045667 0.014905 0.221298 0.123612 
0.205973 0.014488 0.006912 0.534132 0.238495 
0.660680 0.022981 0.078115 0.191392 0.046832 
0.498983 0.000321 0.004924 0.040320 0.455452 
0.504903 0.069906 0.102349 0.052641 0.270199 
0.651574 0.043902 0.053547 0.021932 0.229044 
0.337242 0.006669 0.269238 0.320820 0.066030 
0.591939 0.027171 0.082749 0.294246 0.003895 
0.692825 0.093939 0.000154 0.138541 0.074542 
0.247103 0.007301 0.082437 0.004055 0.659103 
0.077142 0.251152 0.001957 0.654200 0.015549 
0.007098 0.005253 0.001646 0.014983 0.971020 
0.252153 0.014210 0.027637 0.705289 0.000711 
0.177299 0.429344 0.017872 0.004653 0.370832 
0.006193 0.259635 0.008770 0.012920 0.712481 
0.494471 0.239638 0.011211 0.001739 0.252941 
0.314094 0.376765 0.000582 0.048973 0.259585 
0.232955 0.014183 0.233216 0.027804 0.491841 
0.097389 0.087106 0.809529 0.004153 0.001823 
0.161926 0.131886 0.605475 0.089464 0.011248 
0.314112 0.065843 0.520040 0.097956 0.002049 
0.067818 0.713350 0.019608 0.066583 0.132641 
0.007650 0.646092 0.011257 0.027399 0.307601 
0.129174 0.558232 0.107764 0.006859 0.197972 
0.423505 0.206574 0.284761 0.060630 0.024530 
0.443677 0.233301 0.107268 0.214398 0.001355 
0.211282 0.005071 0.182018 0.004316 0.597313 
0.274018 0.051979 0.114712 0.559079 0.000213 
0.464277 0.066149 0.204513 0.025940 0.239121 
0.451208 0.083575 0.001142 0.233814 0.230262 
0.003516 0.067349 0.817079 0.004534 0.107522 
0.125218 0.176617 0.637748 0.000480 0.059937 
0.007187 0.410482 0.580178 0.000090 0.002063 
0.152925 0.196216 0.040172 0.309141 0.301546 
0.156274 0.433612 0.000631 0.095709 0.313775 
0.401484 0.436454 0.000773 0.059125 0.102163 
0.760104 0.035919 0.043975 0.126774 0.033228 
0.001600 0.767445 0.004922 0.000236 0.225798 
0.047890 0.876538 0.057873 0.010561 0.007138 
0.027828 0.043067 0.773793 0.000055 0.155256 
0.120846 0.687706 0.000631 0.046366 0.144451 
0.032085 0.818389 0.020278 0.125305 0.003943 
0.020011 0.542707 0.029140 0.371677 0.036465 
0.152664 0.614877 0.014118 0.032021 0.186319 
0.376000 0.239512 0.239194 0.128945 0.016349 
0.193513 0.140391 0.480226 0.024908 0.160962 
0.108818 0.310157 0.568228 0.012776 0.000022 
0.000046 0.664374 0.077475 0.097828 0.160277 
0.046062 0.457568 0.243346 0.028168 0.224856 
0.034154 0.377830 0.109428 0.114250 0.364337 
0.330556 0.089708 0.305675 0.000545 0.273516 
0.594273 0.036592 0.000374 0.109008 0.259754 
0.073821 0.886125 0.020358 0.010420 0.009276 
0.129497 0.512919 0.199539 0.030274 0.127771 
0.259105 0.524741 0.070064 0.006170 0.139919 
0.018398 0.874853 0.017429 0.086747 0.002572 
0.003246 0.517366 0.185855 0.004377 0.289157 
0.715499 0.059967 0.000918 0.091318 0.132298 
0.030239 0.064621 0.723511 0.089463 0.092165 
0.247255 0.000077 0.473916 0.234839 0.043913 
0.013106 0.322238 0.557151 0.097987 0.009519 
0.239223 0.669633 0.011051 0.079069 0.001025 
0.336810 0.235293 0.256341 0.008663 0.162893 
0.015540 0.264485 0.438071 0.250450 0.031454 
0.021700 0.121718 0.740543 0.110581 0.005458 
0.098678 0.032788 0.129326 0.453764 0.285445 
0.011018 0.091598 0.718340 0.144821 0.034224 
0.419942 0.043447 0.521044 0.001896 0.013672 
0.061787 0.051989 0.336257 0.529901 0.020067 
0.011108 0.946773 0.011109 0.030161 0.000850 
0.071438 0.823123 0.061231 0.022811 0.021397 
0.074553 0.003959 0.562986 0.202165 0.156337 
0.080309 0.889667 0.006571 0.001811 0.021642 
0.018520 0.642506 0.119904 0.004629 0.214441 
0.010392 0.855922 0.003979 0.005885 0.123823 
0.000511 0.291098 0.366337 0.082184 0.259871 
0.056277 0.495662 0.207889 0.122078 0.118093 
0.254931 0.007454 0.051126 0.006418 0.680071 
0.038896 0.940568 0.002136 0.000178 0.018221 
0.000582 0.781117 0.088237 0.100781 0.029283 
0.012509 0.568052 0.182723 0.036220 0.200496 
0.042566 0.070610 0.000004 0.789860 0.096960 
0.052701 0.066248 0.005460 0.872799 0.002792 
0.277771 0.000522 0.655481 0.000154 0.066071 
0.228338 0.010784 0.001495 0.607352 0.152030 
0.064621 0.100496 0.467903 0.060747 0.306233 
0.000881 0.833887 0.026671 0.033173 0.105388 
0.009743 0.643968 0.034615 0.293182 0.018492 
0.005632 0.131544 0.753199 0.087272 0.022353 
0.249076 0.000693 0.504175 0.246054 0.000001 
0.013148 0.018776 0.915576 0.028499 0.024001 
0.139243 0.010366 0.787478 0.062415 0.000498 
0.267146 0.007633 0.012295 0.229628 0.483298 
0.602226 0.013566 0.073398 0.301081 0.009730 
0.060165 0.583663 0.159569 0.164489 0.032115 
0.021817 0.281323 0.308342 0.356842 0.031676 
0.054304 0.046388 0.308996 0.392984 0.197327 
0.000492 0.957264 0.008336 0.002077 0.031830 
0.077201 0.002219 0.827015 0.093513 0.000052 
0.083909 0.062941 0.749688 0.011446 0.092016 
0.143777 0.025084 0.391892 0.322482 0.116764 
0.226766 0.221443 0.531265 0.019440 0.001086 
0.224350 0.099903 0.552940 0.121048 0.001759 
0.043197 0.040772 0.826693 0.066790 0.022548 
0.217464 0.000002 0.257210 0.523682 0.001642 
0.038641 0.048795 0.063666 0.774885 0.074012 
0.069482 0.090266 0.278595 0.543001 0.018655 
0.063592 0.866669 0.062758 0.006461 0.000521 
0.078015 0.494953 0.353108 0.000197 0.073726 
0.309103 0.335059 0.187524 0.152470 0.015844 
0.204848 0.128792 0.511568 0.008689 0.146103 
0.034132 0.000016 0.946083 0.005395 0.014374 
0.013714 0.001707 0.686818 0.056807 0.240954 
0.000163 0.023655 0.957297 0.002196 0.016689 
0.196289 0.296950 0.436193 0.003355 0.067214 
0.045653 0.271024 0.439625 0.022840 0.220858 
0.000578 0.012643 0.688627 0.259489 0.038663 
0.000226 0.216483 0.515384 0.266485 0.001423 
0.390151 0.104101 0.405132 0.077513 0.023104 
0.863923 0.020475 0.055598 0.000001 0.060002 
0.035229 0.954186 0.000160 0.009684 0.000740 
0.106464 0.541512 0.129194 0.005741 0.217089 
0.001136 0.300176 0.597114 0.041524 0.060050 
0.000480 0.012670 0.904895 0.013551 0.068405 
0.157150 0.641521 0.005490 0.077487 0.118353 
0.000701 0.066832 0.630273 0.005677 0.296518 
0.786322 0.043131 0.054066 0.000362 0.116119 
0.486560 0.243828 0.029456 0.106825 0.133331 
0.042911 0.425965 0.114056 0.005103 0.411966 
0.113360 0.758031 0.001791 0.004238 0.122581 
0.180051 0.187745 0.630330 0.001451 0.000423 
0.225911 0.427546 0.093644 0.228505 0.024394 
0.063427 0.255421 0.581857 0.011662 0.087633 
0.046244 0.091298 0.818459 0.006006 0.037993 
0.100124 0.092125 0.015462 0.677349 0.114941 
0.040985 0.000663 0.031790 0.764947 0.161615 
0.055419 0.216044 0.076105 0.001830 0.650602 
0.049387 0.666637 0.122092 0.104963 0.056922 
0.088557 0.791445 0.067928 0.042278 0.009791 
0.101481 0.013640 0.603990 0.011587 0.269301 
0.005121 0.016080 0.855898 0.121417 0.001484 
0.005600 0.158013 0.259540 0.528246 0.048602 
0.063923 0.452202 0.438944 0.043124 0.001806 
0.010862 0.774967 0.205199 0.002009 0.006964 
0.010052 0.001390 0.502596 0.485961 0.000002 
0.068750 0.004517 0.768790 0.133408 0.024535 
0.017364 0.044851 0.188019 0.704431 0.045334 
0.102196 0.007235 0.880245 0.000597 0.009726 
0.298037 0.074085 0.512485 0.024865 0.090528 
0.069378 0.071371 0.033489 0.825296 0.000465 
0.127713 0.250880 0.566954 0.032054 0.022399 
