0.850403 0.075032 0.023851 0.000837 0.049878 
0.789952 0.001235 0.002002 0.185473 0.021338 
0.602428 0.167844 0.086119 0.038940 0.104669 
0.832641 0.004999 0.024200 0.007515 0.130645 
0.720975 0.089330 0.026318 0.161447 0.001931 
0.686095 0.099027 0.081785 0.108512 0.024581 
0.768323 0.033515 0.041971 0.079425 0.076766 
0.902013 0.007749 0.022944 0.045622 0.021673 
0.640955 0.000555 0.115751 0.113954 0.128784 
0.659998 0.167408 0.116349 0.005394 0.050851 
0.103837 0.667300 0.014838 0.071419 0.142605 
0.010807 0.736809 0.184847 0.033398 0.034140 
0.158372 0.600148 0.154623 0.005650 0.081207 
0.829410 0.041690 0.004032 0.007181 0.117687 
0.634840 0.127648 0.073688 0.001438 0.162386 
0.180017 0.607229 0.141209 0.009756 0.061790 
0.700259 0.119853 0.054726 0.118762 0.006401 
0.007800 0.131453 0.678146 0.150005 0.032596 
0.143401 0.586205 0.127532 0.123860 0.019003 
0.069807 0.078357 0.661222 0.138780 0.051834 
0.113858 0.144235 0.635914 0.102445 0.003548 
0.051470 0.088052 0.549862 0.144689 0.165927 
0.015291 0.719017 0.093141 0.026629 0.145922 
0.080356 0.071550 0.731656 0.102722 0.013717 
0.020819 0.058923 0.905821 0.011174 0.003262 
0.062983 0.091323 0.017142 0.798722 0.029830 
0.080864 0.823327 0.061300 0.004866 0.029642 
0.053330 0.075545 0.037339 0.826715 0.007071 
0.116942 0.010867 0.077946 0.065714 0.728530 
0.089051 0.005332 0.717035 0.094757 0.093825 
0.097016 0.004886 0.089480 0.694688 0.113931 
0.005488 0.014697 0.002433 0.970765 0.006617 
0.769174 0.026699 0.082078 0.017605 0.104445 
0.866139 0.032744 0.008812 0.021403 0.070902 
0.909015 0.008868 0.026141 0.038095 0.017881 
0.925988 0.008060 0.034677 0.019968 0.011307 
0.821814 0.000024 0.005257 0.043133 0.129772 
0.896328 0.000071 0.040364 0.058165 0.005073 
0.828088 0.000174 0.072780 0.072318 0.026640 
0.690957 0.153595 0.034242 0.036937 0.084268 
0.921363 0.023422 0.003668 0.050524 0.001024 
0.695673 0.059070 0.135013 0.101925 0.008318 
0.038269 0.767345 0.060604 0.117228 0.016555 
0.088768 0.866017 0.006559 0.027392 0.011264 
0.776574 0.054788 0.086067 0.000473 0.082098 
0.874017 0.043318 0.000711 0.005098 0.076857 
0.688941 0.070410 0.139703 0.045212 0.055734 
0.696415 0.115893 0.073129 0.057593 0.056970 
0.116724 0.080991 0.676592 0.090925 0.034768 
0.100322 0.826751 0.005677 0.005194 0.062055 
0.896793 0.000681 0.054172 0.007977 0.040377 
0.673533 0.094558 0.070406 0.089207 0.072296 
0.889991 0.011257 0.007050 0.003705 0.087997 
0.669906 0.119807 0.027304 0.015196 0.167787 
0.740886 0.057589 0.046383 0.108226 0.046916 
0.844380 0.000774 0.065995 0.088481 0.000370 
0.748242 0.029563 0.142398 0.000569 0.079228 
0.592383 0.130586 0.131372 0.089870 0.055789 
0.911745 0.004414 0.021156 0.051881 0.010802 
0.016119 0.638689 0.116326 0.150064 0.078803 
0.919135 0.000083 0.009702 0.023804 0.047277 
0.861572 0.068256 0.031962 0.022505 0.015705 
0.722384 0.052029 0.071563 0.062091 0.091933 
0.740999 0.110812 0.000598 0.079291 0.068301 
0.803296 0.071715 0.005582 0.051227 0.068180 
0.857294 0.022826 0.022696 0.020761 0.076423 
0.814370 0.064026 0.053272 0.022009 0.046323 
0.839232 0.004464 0.104384 0.016786 0.035134 
0.836000 0.003510 0.022814 0.045663 0.092013 
0.028869 0.680416 0.108836 0.133163 0.048715 
0.996181 0.001579 0.001813 0.000310 0.000117 
0.005572 0.871171 0.079380 0.036965 0.006913 
0.779398 0.112430 0.024275 0.001153 0.082744 
0.865052 0.048482 0.013375 0.028296 0.044796 
0.005906 0.069982 0.898419 0.025335 0.000359 
0.992023 0.002192 0.003729 0.001719 0.000336 
0.660614 0.107551 0.067427 0.024643 0.139764 
0.657973 0.101762 0.091704 0.141329 0.007232 
0.122274 0.705992 0.099008 0.060413 0.012313 
0.642654 0.125332 0.072429 0.072084 0.087501 
0.766848 0.044165 0.188738 0.000086 0.000163 
0.162423 0.761664 0.069733 0.000952 0.005228 
0.005011 0.780002 0.102103 0.075037 0.037847 
0.036022 0.002045 0.907611 0.054286 0.000037 
0.014077 0.878800 0.003638 0.047621 0.055865 
0.001447 0.002859 0.981001 0.000014 0.014678 
0.831941 0.032311 0.101288 0.034389 0.000071 
0.833923 0.113825 0.021192 0.018904 0.012157 
0.769040 0.014817 0.111469 0.014875 0.089799 
0.671143 0.032326 0.099290 0.126487 0.070755 
0.807909 0.048129 0.087129 0.002996 0.053837 
0.730034 0.100300 0.073839 0.059738 0.036089 
0.778077 0.123549 0.061353 0.036590 0.000432 
0.051967 0.780211 0.015581 0.008471 0.143770 
0.157880 0.706918 0.029301 0.103289 0.002610 
0.046877 0.772402 0.094125 0.000009 0.086588 
0.055963 0.885191 0.000699 0.052681 0.005465 
0.039673 0.009033 0.711430 0.136896 0.102967 
0.014356 0.942924 0.018497 0.019301 0.004922 
0.847601 0.026014 0.002624 0.010481 0.113280 
0.695291 0.064908 0.067741 0.063011 0.109049 
0.037152 0.780758 0.014658 0.014436 0.152996 
0.018352 0.818094 0.055739 0.100283 0.007532 
0.803291 0.003649 0.093168 0.093643 0.006249 
0.760016 0.036735 0.048205 0.075142 0.079902 
0.127377 0.537161 0.138406 0.075131 0.121925 
0.017166 0.899364 0.001504 0.076746 0.005220 
0.057406 0.016662 0.784745 0.070740 0.070447 
0.090949 0.095977 0.778203 0.001722 0.033150 
0.889450 0.019083 0.022539 0.047684 0.021245 
0.934407 0.000006 0.024420 0.000728 0.040439 
0.816938 0.015524 0.083118 0.049304 0.035115 
0.818525 0.071913 0.030212 0.063404 0.015947 
0.833330 0.006113 0.009402 0.087330 0.063824 
0.032416 0.112557 0.687200 0.058398 0.109428 
0.811032 0.076703 0.005140 0.071055 0.036070 
0.058690 0.750800 0.018206 0.089935 0.082369 
0.025625 0.889970 0.000038 0.038587 0.045781 
0.015291 0.917460 0.009327 0.038521 0.019401 
0.829988 0.032420 0.020681 0.096146 0.020765 
0.016206 0.102059 0.760021 0.057239 0.064476 
0.095763 0.741727 0.092881 0.032209 0.037420 
0.039939 0.842844 0.062575 0.004513 0.050129 
0.030537 0.001518 0.875827 0.040887 0.051232 
0.000210 0.069852 0.850092 0.071691 0.008155 
0.690810 0.081517 0.106735 0.001249 0.119689 
0.722438 0.048303 0.087553 0.046773 0.094933 
0.015339 0.019892 0.735150 0.124085 0.105533 
0.857600 0.028360 0.006608 0.044995 0.062437 
0.749249 0.080864 0.024911 0.042752 0.102223 
0.078982 0.670645 0.093215 0.075911 0.081247 
0.826921 0.024724 0.041079 0.040241 0.067035 
0.000740 0.032343 0.921605 0.000019 0.045294 
0.700582 0.088615 0.090776 0.065994 0.054033 
0.076270 0.673498 0.090957 0.040321 0.118953 
0.129402 0.771321 0.075853 0.005298 0.018125 
0.002625 0.009884 0.947541 0.011889 0.028061 
0.063825 0.013736 0.000220 0.072127 0.850092 
0.808490 0.031838 0.037851 0.115012 0.006810 
0.050247 0.054146 0.871063 0.023256 0.001288 
0.043901 0.110796 0.728082 0.114988 0.002233 
0.015646 0.640942 0.147936 0.044616 0.150860 
0.073860 0.009442 0.835500 0.027613 0.053584 
0.664354 0.116519 0.111702 0.078536 0.028889 
0.007788 0.169953 0.811879 0.007301 0.003079 
0.004245 0.835900 0.002436 0.098522 0.058896 
0.000258 0.600001 0.147130 0.115464 0.137147 
0.874223 0.035537 0.000475 0.037239 0.052527 
0.023762 0.842163 0.038579 0.024152 0.071344 
0.001685 0.862884 0.036325 0.002628 0.096479 
0.056662 0.782263 0.065246 0.043443 0.052386 
0.003369 0.094208 0.737795 0.069688 0.094940 
0.792919 0.065211 0.020769 0.043716 0.077385 
0.007098 0.005253 0.001646 0.014983 0.971020 
0.097389 0.087106 0.809529 0.004153 0.001823 
0.067818 0.713350 0.019608 0.066583 0.132641 
0.003516 0.067349 0.817079 0.004534 0.107522 
0.047890 0.876538 0.057873 0.010561 0.007138 
0.032085 0.818389 0.020278 0.125305 0.003943 
0.073821 0.886125 0.020358 0.010420 0.009276 
0.018398 0.874853 0.017429 0.086747 0.002572 
0.030239 0.064621 0.723511 0.089463 0.092165 
0.021700 0.121718 0.740543 0.110581 0.005458 
0.011018 0.091598 0.718340 0.144821 0.034224 
0.011108 0.946773 0.011109 0.030161 0.000850 
0.080309 0.889667 0.006571 0.001811 0.021642 
0.038896 0.940568 0.002136 0.000178 0.018221 
0.042566 0.070610 0.000004 0.789860 0.096960 
0.000881 0.833887 0.026671 0.033173 0.105388 
0.013148 0.018776 0.915576 0.028499 0.024001 
0.000492 0.957264 0.008336 0.002077 0.031830 
0.043197 0.040772 0.826693 0.066790 0.022548 
0.038641 0.048795 0.063666 0.774885 0.074012 
0.034132 0.000016 0.946083 0.005395 0.014374 
0.000163 0.023655 0.957297 0.002196 0.016689 
0.035229 0.954186 0.000160 0.009684 0.000740 
0.000480 0.012670 0.904895 0.013551 0.068405 
0.046244 0.091298 0.818459 0.006006 0.037993 
0.088557 0.791445 0.067928 0.042278 0.009791 
0.068750 0.004517 0.768790 0.133408 0.024535 
0.069378 0.071371 0.033489 0.825296 0.000465 
0.008312 0.042317 0.862133 0.024967 0.062272 
0.000243 0.034905 0.814231 0.108495 0.042127 
0.031027 0.000763 0.815567 0.008619 0.144023 
0.022412 0.005956 0.021868 0.870741 0.079023 
0.023152 0.013711 0.900606 0.006973 0.055557 
0.001833 0.128340 0.728362 0.140635 0.000831 
0.010099 0.110781 0.739631 0.032155 0.107334 
0.023926 0.079656 0.029740 0.783120 0.083558 
0.000006 0.025589 0.086312 0.043941 0.844152 
0.020831 0.866204 0.002088 0.009159 0.101718 
0.125604 0.111976 0.652214 0.107313 0.002892 
0.010115 0.000000 0.026700 0.944333 0.018852 
0.053673 0.688981 0.097262 0.023344 0.136741 
0.000813 0.881522 0.006820 0.042375 0.068470 
0.913185 0.042974 0.017457 0.010347 0.016037 
0.104896 0.036018 0.049100 0.010294 0.799691 
0.883727 0.038720 0.037258 0.006696 0.033598 
0.079105 0.001815 0.851260 0.067754 0.000066 
0.101833 0.122437 0.769418 0.005336 0.000975 
0.019785 0.024711 0.056326 0.741898 0.157280 
0.125218 0.765226 0.063679 0.045094 0.000783 
0.025978 0.010911 0.080364 0.725753 0.156994 
0.949399 0.036632 0.013601 0.000052 0.000316 
0.926006 0.001908 0.014078 0.040119 0.017889 
0.108230 0.680965 0.100102 0.110403 0.000299 
0.934094 0.019551 0.039832 0.000340 0.006183 
0.139619 0.003961 0.789598 0.039451 0.027370 
0.067853 0.018544 0.729372 0.143837 0.040394 
0.076532 0.051920 0.719882 0.073542 0.078124 
0.020423 0.002972 0.105170 0.107107 0.764328 
0.034549 0.125918 0.716634 0.001364 0.121535 
0.040170 0.141802 0.577713 0.131776 0.108538 
0.001120 0.935657 0.035221 0.026597 0.001406 
0.009147 0.045536 0.145275 0.660710 0.139332 
0.002030 0.850541 0.107667 0.026191 0.013571 
0.002616 0.008435 0.061947 0.049636 0.877367 
0.039589 0.067884 0.049376 0.838118 0.005033 
0.594509 0.036309 0.090139 0.141587 0.137456 
0.041294 0.055494 0.016778 0.840830 0.045604 
0.002801 0.891845 0.041296 0.012385 0.051673 
0.001532 0.005686 0.957336 0.023521 0.011925 
0.005292 0.049001 0.839321 0.082572 0.023814 
0.001710 0.029742 0.871362 0.058501 0.038685 
0.006511 0.059049 0.738903 0.110387 0.085150 
0.001818 0.100678 0.792580 0.088743 0.016181 
0.062851 0.008109 0.133095 0.738651 0.057294 
0.035338 0.084108 0.879249 0.001120 0.000185 
0.012457 0.747396 0.105151 0.103060 0.031936 
0.000361 0.847882 0.037436 0.076485 0.037836 
0.030365 0.856176 0.002525 0.037517 0.073416 
0.103240 0.000969 0.118524 0.749270 0.027997 
0.030141 0.036657 0.021529 0.881382 0.030291 
0.128264 0.168160 0.071104 0.593359 0.039112 
0.729445 0.089854 0.019992 0.061358 0.099351 
0.068708 0.002537 0.925512 0.000632 0.002611 
0.083686 0.085721 0.061038 0.769522 0.000034 
0.003550 0.035889 0.842055 0.113984 0.004521 
0.068422 0.817994 0.084686 0.012006 0.016891 
0.009103 0.051064 0.916863 0.006732 0.016237 
0.039268 0.043766 0.015002 0.011463 0.890501 
0.097096 0.044836 0.011721 0.755749 0.090597 
0.170939 0.141460 0.636487 0.032980 0.018133 
0.147099 0.057375 0.147733 0.037107 0.610685 
0.008378 0.000130 0.878838 0.042940 0.069714 
0.000102 0.017289 0.791586 0.103815 0.087208 
0.083333 0.095562 0.698471 0.083146 0.039488 
0.001679 0.018792 0.973932 0.001085 0.004512 
0.009617 0.902279 0.000180 0.005125 0.082799 
0.004623 0.044023 0.070739 0.880368 0.000248 
0.163161 0.018230 0.724135 0.093922 0.000553 
0.016259 0.071950 0.000543 0.880039 0.031209 
0.011401 0.804124 0.055052 0.041207 0.088216 
0.002037 0.097385 0.059478 0.829866 0.011234 
0.023058 0.005176 0.055369 0.877648 0.038750 
0.055796 0.035594 0.077737 0.828168 0.002705 
0.032118 0.081728 0.076382 0.779380 0.030393 
0.012066 0.000865 0.890734 0.021703 0.074632 
0.000234 0.049922 0.915623 0.000697 0.033525 
0.093281 0.034992 0.000973 0.851230 0.019524 
0.081626 0.084656 0.704685 0.090986 0.038048 
0.063862 0.087202 0.737682 0.068718 0.042535 
0.002766 0.023962 0.108938 0.851710 0.012623 
0.100075 0.102438 0.765015 0.007850 0.024622 
0.008739 0.018438 0.000666 0.970654 0.001503 
0.092216 0.752980 0.001209 0.083147 0.070448 
0.000001 0.005331 0.094917 0.812387 0.087363 
0.124109 0.075681 0.722132 0.037372 0.040706 
0.000271 0.020264 0.961125 0.011072 0.007267 
0.002879 0.051145 0.052038 0.002832 0.891106 
0.037945 0.007422 0.042446 0.834220 0.077968 
0.009910 0.068031 0.008001 0.798824 0.115234 
0.008170 0.017221 0.832648 0.010052 0.131909 
0.091913 0.052366 0.019172 0.100138 0.736411 
0.065879 0.000094 0.013979 0.000059 0.919988 
0.101102 0.042272 0.044922 0.053611 0.758093 
0.000006 0.887385 0.049337 0.047041 0.016232 
0.003032 0.008498 0.042538 0.887049 0.058883 
0.003650 0.040951 0.002694 0.874917 0.077788 
0.001188 0.041758 0.036087 0.919839 0.001128 
0.037876 0.039875 0.888412 0.000811 0.033027 
0.090114 0.083428 0.689602 0.102436 0.034421 
0.153097 0.059870 0.726246 0.008853 0.051934 
0.054369 0.003443 0.164856 0.758821 0.018511 
0.044648 0.000040 0.024089 0.895040 0.036183 
0.044124 0.047166 0.071938 0.785248 0.051523 
0.092808 0.002015 0.095161 0.807518 0.002498 
0.078389 0.007203 0.842489 0.027265 0.044654 
0.010600 0.058566 0.087609 0.104734 0.738492 
0.008304 0.005722 0.010642 0.974548 0.000784 
0.003524 0.129362 0.003729 0.817776 0.045610 
0.060848 0.005089 0.700244 0.184490 0.049329 
0.004977 0.133224 0.740645 0.000155 0.120999 
0.001800 0.012892 0.011092 0.958351 0.015864 
0.003499 0.099641 0.002074 0.012445 0.882341 
0.010793 0.004381 0.008105 0.000691 0.976030 
0.057079 0.052042 0.011242 0.042916 0.836720 
0.076954 0.052000 0.743386 0.058428 0.069231 
0.023747 0.104739 0.055055 0.816074 0.000385 
0.017575 0.016370 0.003013 0.027529 0.935513 
0.137085 0.000001 0.009373 0.852380 0.001161 
0.100834 0.011198 0.000137 0.044997 0.842834 
0.086920 0.104223 0.079727 0.658965 0.070164 
0.001636 0.070405 0.005038 0.875295 0.047626 
0.066123 0.812293 0.049116 0.006578 0.065889 
0.023472 0.078671 0.822458 0.031869 0.043529 
0.052933 0.160777 0.104541 0.650626 0.031123 
0.048845 0.043315 0.003668 0.842441 0.061730 
0.037758 0.144616 0.049699 0.140914 0.627013 
0.050310 0.001693 0.067433 0.823747 0.056817 
0.034585 0.062068 0.136899 0.099194 0.667254 
0.017599 0.017901 0.143096 0.167482 0.653922 
0.108416 0.095888 0.131146 0.022469 0.642082 
0.026202 0.088497 0.030859 0.781705 0.072738 
0.001915 0.165730 0.004432 0.775171 0.052752 
0.038455 0.000766 0.001695 0.927062 0.032022 
0.096817 0.079837 0.040101 0.093236 0.690009 
0.165729 0.011087 0.096036 0.089496 0.637652 
0.055934 0.109675 0.116278 0.010063 0.708049 
0.062364 0.123917 0.063217 0.000795 0.749707 
0.059806 0.015338 0.086694 0.827540 0.010622 
0.002101 0.033717 0.047388 0.887228 0.029566 
0.000027 0.000016 0.002612 0.978184 0.019161 
0.150782 0.094000 0.000526 0.011047 0.743645 
0.025481 0.019713 0.080066 0.027246 0.847494 
0.012510 0.042414 0.021099 0.870376 0.053601 
0.114574 0.008745 0.007611 0.078737 0.790333 
0.031384 0.052793 0.008725 0.063284 0.843816 
0.014290 0.033909 0.001162 0.917178 0.033461 
0.013559 0.068891 0.021078 0.090487 0.805984 
0.040695 0.051931 0.018771 0.811263 0.077341 
0.059665 0.017844 0.083335 0.043694 0.795461 
0.127005 0.128806 0.046395 0.098688 0.599106 
0.081379 0.081934 0.089534 0.098166 0.648988 
0.100385 0.057567 0.057641 0.004334 0.780073 
0.078056 0.107553 0.005150 0.050779 0.758462 
0.150632 0.122546 0.681950 0.013758 0.031113 
0.002770 0.026688 0.174582 0.162776 0.633184 
0.029517 0.008032 0.002210 0.902567 0.057674 
0.001321 0.072631 0.062287 0.836762 0.026999 
0.097054 0.079375 0.085809 0.637702 0.100060 
0.003101 0.049849 0.000188 0.001151 0.945711 
0.024305 0.039579 0.028945 0.001832 0.905338 
0.000415 0.058906 0.801044 0.077548 0.062086 
0.063279 0.065199 0.007890 0.088265 0.775368 
0.046908 0.006728 0.003823 0.085089 0.857452 
0.090024 0.049759 0.052821 0.007554 0.799841 
0.000359 0.064842 0.016072 0.067338 0.851389 
0.000611 0.093658 0.008327 0.812371 0.085033 
0.007827 0.052597 0.014380 0.857465 0.067732 
0.091262 0.079444 0.044718 0.644731 0.139846 
0.072854 0.057155 0.055651 0.039510 0.774830 
0.095413 0.014959 0.066729 0.042404 0.780495 
0.012882 0.014632 0.076088 0.099892 0.796506 
0.047403 0.019157 0.006394 0.880466 0.046580 
0.002109 0.011952 0.075714 0.115990 0.794235 
0.041832 0.032955 0.002661 0.094724 0.827827 
0.002534 0.070311 0.017970 0.033863 0.875323 
0.005941 0.000030 0.003578 0.071967 0.918484 
0.015024 0.000508 0.000467 0.034049 0.949953 
0.009313 0.000056 0.027068 0.016078 0.947485 
0.016042 0.038248 0.001339 0.104015 0.840356 
0.029439 0.068946 0.016685 0.870480 0.014452 
0.000582 0.005645 0.002154 0.001463 0.990156 
0.001363 0.005507 0.069095 0.787721 0.136314 
0.072499 0.111038 0.000623 0.138454 0.677386 
0.100366 0.063272 0.100808 0.097612 0.637943 
0.001221 0.105289 0.887091 0.001834 0.004565 
0.046269 0.074075 0.023416 0.001364 0.854876 
0.030601 0.060453 0.056052 0.816086 0.036808 
0.061830 0.010389 0.080576 0.005547 0.841658 
0.011567 0.072832 0.007492 0.895587 0.012523 
0.126672 0.002288 0.002928 0.069077 0.799034 
0.055651 0.011356 0.096472 0.796596 0.039925 
0.005311 0.024477 0.001732 0.034035 0.934446 
0.073742 0.053378 0.003968 0.122440 0.746472 
0.152204 0.120429 0.051863 0.014402 0.661102 
0.055878 0.047807 0.025171 0.804370 0.066774 
0.038641 0.009903 0.064196 0.003868 0.883392 
0.012428 0.029460 0.001165 0.002675 0.954273 
0.039425 0.007691 0.019325 0.107682 0.825877 
0.068849 0.047834 0.015079 0.068646 0.799592 
0.014409 0.009643 0.002458 0.033647 0.939843 
0.054530 0.007206 0.078642 0.028399 0.831223 
0.476272 0.143656 0.155854 0.117430 0.106789 
0.137292 0.578869 0.115050 0.128362 0.040428 
0.000126 0.156171 0.721492 0.017425 0.104786 
0.112036 0.123713 0.024486 0.731075 0.008689 
0.041264 0.648224 0.171103 0.118921 0.020488 
0.087196 0.122723 0.104444 0.586920 0.098716 
0.034863 0.152449 0.565904 0.074219 0.172566 
0.044063 0.126381 0.091668 0.589268 0.148619 
0.017056 0.021498 0.001387 0.100520 0.859540 
0.078682 0.066342 0.130017 0.081273 0.643685 
0.032809 0.030305 0.016993 0.021309 0.898585 
0.046873 0.018348 0.050568 0.102690 0.781521 
0.080074 0.000051 0.828315 0.066228 0.025332 
0.121255 0.770658 0.026570 0.008610 0.072906 
0.020861 0.879245 0.029083 0.000013 0.070798 
0.030315 0.002216 0.046224 0.911509 0.009736 
0.000454 0.022186 0.873668 0.031928 0.071764 
0.017259 0.003087 0.944808 0.029853 0.004992 
0.002591 0.898618 0.002504 0.044698 0.051589 
0.081679 0.090685 0.744191 0.031083 0.052362 
0.000005 0.939577 0.048433 0.005078 0.006908 
0.080012 0.871312 0.026792 0.001356 0.020527 
0.007884 0.012045 0.053210 0.877472 0.049389 
0.091030 0.009424 0.829586 0.049332 0.020628 
0.022043 0.017147 0.953469 0.001777 0.005564 
0.049171 0.004897 0.794886 0.107047 0.044000 
0.000000 0.008367 0.965872 0.013749 0.012011 
0.019662 0.052335 0.892011 0.012140 0.023852 
0.040525 0.015112 0.783960 0.083652 0.076751 
0.059879 0.096343 0.728093 0.018977 0.096709 
0.074736 0.770682 0.012141 0.002694 0.139748 
0.035243 0.870243 0.005047 0.049915 0.039551 
0.004727 0.044053 0.932760 0.007405 0.011055 
0.015610 0.080076 0.742355 0.061233 0.100727 
0.005140 0.031770 0.912984 0.021587 0.028518 
0.037176 0.015434 0.895541 0.016576 0.035273 
0.073457 0.079954 0.769150 0.001622 0.075816 
0.137370 0.088045 0.701552 0.020511 0.052522 
0.023867 0.051599 0.799626 0.058768 0.066141 
0.031116 0.068534 0.855456 0.000120 0.044775 
0.033342 0.043216 0.884711 0.000108 0.038623 
0.101860 0.001084 0.798920 0.021132 0.077003 
0.097562 0.035424 0.821070 0.040061 0.005882 
0.008795 0.025741 0.865804 0.036060 0.063600 
0.063311 0.066484 0.076858 0.654493 0.138853 
0.039259 0.024345 0.852793 0.053824 0.029780 
0.042817 0.050301 0.832621 0.036821 0.037441 
0.069298 0.002882 0.073516 0.778782 0.075522 
0.123093 0.023066 0.029633 0.713290 0.110918 
0.071546 0.108227 0.069724 0.737235 0.013269 
0.060898 0.073269 0.082583 0.014847 0.768403 
