0.843897 0.078272 0.021334 0.001086 0.055411 
0.538983 0.136255 0.068308 0.133336 0.123118 
0.598814 0.017936 0.076141 0.022404 0.284705 
0.680790 0.001349 0.002481 0.154242 0.161139 
0.515995 0.010333 0.000526 0.362728 0.110418 
0.593243 0.017913 0.257701 0.126948 0.004195 
0.832161 0.112448 0.022736 0.031981 0.000673 
0.719792 0.032188 0.030534 0.096369 0.121117 
0.652988 0.239993 0.000218 0.005642 0.101160 
0.913733 0.013082 0.006112 0.044329 0.022744 
0.787796 0.056513 0.027690 0.073062 0.054939 
0.891899 0.011551 0.011797 0.084250 0.000503 
0.251710 0.064866 0.163346 0.405100 0.114978 
0.278618 0.000527 0.256938 0.440489 0.023428 
0.847389 0.000335 0.112621 0.033981 0.005673 
0.941187 0.007538 0.024525 0.017790 0.008960 
0.816077 0.002769 0.027415 0.152892 0.000848 
0.725207 0.087769 0.074532 0.106008 0.006484 
0.500488 0.245291 0.214172 0.016304 0.023745 
0.640208 0.073158 0.276525 0.008116 0.001992 
0.816189 0.036445 0.046321 0.093030 0.008016 
0.452551 0.245852 0.118488 0.163269 0.019840 
0.544134 0.082907 0.271756 0.029151 0.072052 
0.867457 0.007932 0.032244 0.059902 0.032465 
0.588203 0.165440 0.001814 0.110620 0.133924 
0.862840 0.126983 0.006712 0.001785 0.001680 
0.875243 0.078238 0.008714 0.001292 0.036513 
0.439046 0.001082 0.222030 0.255212 0.082630 
0.753034 0.014099 0.004467 0.138812 0.089587 
0.658623 0.170384 0.115317 0.005362 0.050314 
0.521496 0.244530 0.160472 0.006642 0.066860 
0.649063 0.169046 0.125314 0.007866 0.048712 
0.106739 0.654686 0.018943 0.077315 0.142317 
0.111022 0.634444 0.007550 0.109565 0.137420 
0.261779 0.517243 0.047500 0.057048 0.116430 
0.618766 0.141588 0.163169 0.012818 0.063660 
0.009123 0.734804 0.182626 0.040155 0.033292 
0.155037 0.600559 0.154825 0.006634 0.082946 
0.267838 0.510142 0.091003 0.003228 0.127789 
0.842286 0.030434 0.004153 0.004182 0.118945 
0.364322 0.000002 0.465318 0.154838 0.015521 
0.545665 0.234250 0.127459 0.070355 0.022272 
0.646734 0.128627 0.000153 0.062024 0.162462 
0.436449 0.390473 0.056828 0.017204 0.099045 
0.513975 0.316548 0.020386 0.020093 0.128997 
0.182510 0.593028 0.148838 0.012021 0.063603 
0.211811 0.553769 0.146654 0.013951 0.073814 
0.217185 0.590163 0.154781 0.000990 0.036881 
0.697487 0.123606 0.054528 0.118486 0.005892 
0.365449 0.005964 0.335677 0.030733 0.262177 
0.542201 0.063920 0.137285 0.244083 0.012512 
0.518241 0.191716 0.193520 0.010325 0.086198 
0.471259 0.137016 0.306199 0.030295 0.055231 
0.258588 0.555105 0.128631 0.000005 0.057671 
0.278666 0.543799 0.104409 0.000374 0.072752 
0.351882 0.480562 0.092720 0.007026 0.067809 
0.626539 0.005952 0.093789 0.267475 0.006246 
0.632040 0.000036 0.034014 0.326291 0.007619 
0.026025 0.758933 0.111023 0.084878 0.019141 
0.172255 0.000514 0.692951 0.068560 0.065720 
0.054429 0.341523 0.466433 0.077268 0.060348 
0.009982 0.134869 0.678504 0.143251 0.033394 
0.051071 0.216891 0.537670 0.132175 0.062193 
0.447120 0.495972 0.000091 0.023507 0.033310 
0.140185 0.591844 0.124778 0.127238 0.015955 
0.235080 0.522582 0.038007 0.146713 0.057617 
0.060982 0.069610 0.676439 0.142575 0.050394 
0.094743 0.029826 0.598677 0.233319 0.043435 
0.344352 0.447538 0.080509 0.030033 0.097569 
0.494912 0.327696 0.124956 0.000038 0.052398 
0.353791 0.409971 0.099239 0.013381 0.123618 
0.482023 0.031687 0.442675 0.032173 0.011442 
0.618932 0.004048 0.307930 0.068977 0.000113 
0.591892 0.281971 0.094139 0.011859 0.020138 
0.457732 0.321838 0.129777 0.000082 0.090572 
0.160011 0.467292 0.236019 0.048978 0.087701 
0.154574 0.518975 0.232137 0.032775 0.061539 
0.104389 0.427159 0.359669 0.059582 0.049201 
0.018739 0.213262 0.529432 0.111266 0.127300 
0.008132 0.182024 0.498288 0.146261 0.165294 
0.509735 0.243525 0.160256 0.005139 0.081345 
0.005086 0.133022 0.215127 0.523842 0.122923 
0.213297 0.116538 0.609882 0.000837 0.059446 
0.116681 0.138221 0.639023 0.101507 0.004569 
0.115440 0.306626 0.345747 0.100824 0.131364 
0.356286 0.001071 0.361738 0.236282 0.044622 
0.049126 0.619620 0.141222 0.189892 0.000140 
0.011243 0.100564 0.651942 0.189493 0.046756 
0.005663 0.395523 0.505888 0.008760 0.084166 
0.306833 0.058752 0.555920 0.042695 0.035800 
0.651295 0.137354 0.024914 0.171622 0.014815 
0.442216 0.025941 0.290115 0.045201 0.196526 
0.250930 0.002593 0.663729 0.005416 0.077331 
0.262182 0.081737 0.583542 0.002243 0.070295 
0.431052 0.401246 0.043496 0.005546 0.118661 
0.054439 0.094398 0.537487 0.149416 0.164261 
0.020916 0.082650 0.470199 0.203032 0.223203 
0.000168 0.063702 0.219858 0.535729 0.180542 
0.018166 0.688224 0.092723 0.170637 0.030250 
0.110693 0.595178 0.041241 0.112222 0.140666 
0.006145 0.721099 0.024756 0.166256 0.081744 
0.379884 0.002171 0.276638 0.323902 0.017406 
0.174925 0.016081 0.631306 0.042213 0.135476 
0.596723 0.209551 0.009407 0.012026 0.172293 
0.217389 0.551176 0.034709 0.027692 0.169035 
0.304904 0.509412 0.098421 0.000018 0.087245 
0.485296 0.144563 0.332157 0.013138 0.024846 
0.195006 0.429861 0.093653 0.010473 0.271007 
0.499374 0.004774 0.450139 0.029384 0.016329 
0.276489 0.484844 0.225957 0.012524 0.000187 
0.007824 0.413815 0.350908 0.220121 0.007332 
0.120762 0.310987 0.116307 0.447317 0.004627 
0.197122 0.040989 0.654537 0.001074 0.106278 
0.354626 0.256496 0.013034 0.361273 0.014571 
0.558670 0.012640 0.142424 0.280820 0.005446 
0.453885 0.000523 0.086692 0.425050 0.033850 
0.327545 0.145950 0.013266 0.474968 0.038271 
0.396588 0.217356 0.044999 0.117299 0.223758 
0.002348 0.684306 0.131148 0.097450 0.084747 
0.209084 0.455774 0.197962 0.019703 0.117477 
0.034124 0.146753 0.515346 0.212861 0.090916 
0.308965 0.318112 0.000121 0.072186 0.300616 
0.072969 0.067731 0.635598 0.121902 0.101800 
0.068859 0.011372 0.502266 0.258326 0.159176 
0.046895 0.489565 0.143745 0.299538 0.020257 
0.507025 0.019772 0.087503 0.000435 0.385265 
0.114604 0.000486 0.336855 0.466587 0.081468 
0.045926 0.063893 0.351637 0.352297 0.186248 
0.182072 0.482819 0.016772 0.067971 0.250367 
0.195982 0.204464 0.050979 0.506491 0.042083 
0.333257 0.329795 0.152251 0.005166 0.179530 
0.628819 0.101958 0.001148 0.046545 0.221531 
0.062096 0.447241 0.243100 0.033872 0.213690 
0.119199 0.045798 0.690683 0.139992 0.004326 
0.086650 0.510298 0.060446 0.048226 0.294380 
0.364074 0.149734 0.315778 0.010126 0.160288 
0.006186 0.168228 0.528270 0.269842 0.027474 
0.123711 0.169004 0.489505 0.147949 0.069830 
0.325543 0.003658 0.119010 0.545831 0.005958 
0.372067 0.028552 0.066339 0.484890 0.048152 
0.410407 0.192240 0.196236 0.132058 0.069059 
0.193838 0.339640 0.230742 0.043293 0.192487 
0.375625 0.487139 0.049450 0.065834 0.021952 
0.515833 0.179320 0.012106 0.003218 0.289524 
0.036116 0.296149 0.288036 0.000325 0.379373 
0.070608 0.414748 0.111154 0.402932 0.000558 
0.258579 0.142894 0.028230 0.510463 0.059834 
0.141995 0.247118 0.280428 0.080614 0.249845 
0.393599 0.056840 0.001727 0.495622 0.052212 
0.366690 0.457385 0.039552 0.000008 0.136364 
0.553916 0.000081 0.016923 0.380110 0.048970 
0.285065 0.173160 0.493707 0.001135 0.046934 
0.032324 0.222755 0.457265 0.285589 0.002066 
0.001158 0.039476 0.606653 0.263505 0.089208 
0.395295 0.332994 0.075022 0.004629 0.192061 
0.298911 0.389626 0.116456 0.017501 0.177506 
0.024103 0.485295 0.461072 0.000258 0.029272 
0.265203 0.097985 0.420581 0.007390 0.208841 
0.481773 0.292920 0.029210 0.000557 0.195540 
0.430627 0.087625 0.147807 0.210937 0.123004 
0.504948 0.207796 0.184927 0.022365 0.079965 
0.009884 0.004733 0.718371 0.000451 0.266561 
0.409526 0.016091 0.010985 0.500534 0.062865 
0.042865 0.239465 0.581020 0.131062 0.005587 
0.001133 0.022971 0.381239 0.290859 0.303798 
0.003630 0.000434 0.295100 0.275696 0.425140 
0.297229 0.333030 0.121849 0.022248 0.225645 
0.086412 0.095283 0.559801 0.224084 0.034420 
0.032265 0.152621 0.445068 0.356075 0.013971 
0.454146 0.092586 0.000008 0.256901 0.196360 
0.525680 0.019362 0.282353 0.143433 0.029172 
0.378710 0.068120 0.003868 0.004288 0.545014 
0.119777 0.209981 0.308304 0.360398 0.001540 
0.022979 0.528812 0.002591 0.147679 0.297939 
0.307089 0.198409 0.001068 0.053318 0.440116 
0.088951 0.508203 0.020869 0.313818 0.068159 
0.019488 0.257940 0.058750 0.024943 0.638880 
0.026814 0.286808 0.150113 0.004739 0.531525 
0.024770 0.221849 0.286766 0.196196 0.270419 
0.404732 0.243072 0.051504 0.007541 0.293151 
0.263840 0.251347 0.133162 0.056026 0.295625 
0.214251 0.168566 0.119873 0.083025 0.414286 
0.005425 0.579135 0.000206 0.270880 0.144354 
0.298347 0.038428 0.001633 0.000038 0.661554 
0.092439 0.285556 0.600709 0.010278 0.011017 
0.006441 0.033224 0.419950 0.078668 0.461717 
0.246215 0.035647 0.476956 0.001195 0.239986 
0.000109 0.193849 0.309822 0.491351 0.004869 
0.080767 0.010261 0.005777 0.160021 0.743173 
0.150745 0.028234 0.585921 0.198080 0.037020 
0.000019 0.297036 0.001259 0.607356 0.094330 
0.019236 0.181093 0.091659 0.707566 0.000445 
0.221781 0.244005 0.020379 0.086316 0.427519 
0.083267 0.053170 0.000344 0.130049 0.733170 
0.013876 0.058425 0.919889 0.006643 0.001167 
0.267619 0.141986 0.370751 0.120903 0.098740 
0.004796 0.251292 0.084938 0.646053 0.012921 
0.169647 0.070766 0.035729 0.112946 0.610912 
0.017369 0.111672 0.019299 0.787881 0.063779 
0.304235 0.451363 0.009155 0.232283 0.002965 
0.073634 0.093748 0.018510 0.785498 0.028610 
0.235272 0.548831 0.047415 0.133713 0.034769 
0.257834 0.035238 0.022697 0.021967 0.662263 
0.384476 0.000015 0.034643 0.459491 0.121375 
0.084200 0.071727 0.456970 0.297441 0.089663 
0.015242 0.106950 0.419754 0.424262 0.033793 
0.327967 0.028212 0.120209 0.323772 0.199840 
0.181331 0.011765 0.031419 0.005007 0.770478 
0.256278 0.417619 0.009837 0.164237 0.152029 
0.075146 0.089551 0.768587 0.016539 0.050176 
0.069267 0.876773 0.005933 0.033777 0.014251 
0.221465 0.019362 0.001204 0.647164 0.110805 
0.072674 0.056300 0.793744 0.001824 0.075458 
0.164261 0.067636 0.555590 0.054848 0.157666 
0.048622 0.075346 0.035602 0.838645 0.001785 
0.177345 0.137599 0.197476 0.486002 0.001578 
0.244628 0.037966 0.430867 0.012726 0.273813 
0.057236 0.070721 0.092068 0.766175 0.013800 
0.099351 0.001641 0.135370 0.613211 0.150427 
0.035478 0.215529 0.027994 0.079667 0.641332 
0.087367 0.054403 0.023427 0.007596 0.827206 
0.133297 0.094863 0.208476 0.063378 0.499986 
0.009383 0.029464 0.060299 0.023938 0.876916 
0.073154 0.027315 0.269278 0.081112 0.549142 
0.020971 0.693406 0.186968 0.098542 0.000113 
0.114677 0.015604 0.749189 0.116002 0.004528 
0.186855 0.008576 0.421501 0.167728 0.215340 
0.221206 0.010999 0.573121 0.194674 0.000001 
0.249453 0.257554 0.345031 0.036692 0.111269 
0.097948 0.103654 0.144930 0.239698 0.413769 
0.206192 0.092740 0.306253 0.393989 0.000826 
0.248484 0.001527 0.075318 0.417178 0.257493 
0.035638 0.152601 0.777369 0.003551 0.030841 
0.077871 0.001060 0.357515 0.349344 0.214210 
0.002843 0.004216 0.859843 0.126761 0.006337 
0.127304 0.041226 0.678533 0.067423 0.085513 
0.039174 0.060345 0.203945 0.608843 0.087693 
0.095381 0.007335 0.651420 0.061023 0.184841 
0.122071 0.038248 0.511572 0.141238 0.186871 
0.143307 0.271078 0.258849 0.325148 0.001618 
0.004721 0.017225 0.001089 0.971849 0.005115 
0.001890 0.000726 0.233017 0.672794 0.091573 
0.029058 0.009639 0.375335 0.576100 0.009868 
0.362646 0.000042 0.048535 0.349525 0.239252 
0.844839 0.031509 0.091344 0.000153 0.032155 
0.587123 0.019501 0.285950 0.070465 0.036960 
0.584306 0.112503 0.298292 0.004786 0.000112 
0.033498 0.003169 0.358624 0.571638 0.033070 
0.000207 0.008520 0.043022 0.635386 0.312866 
0.083054 0.554961 0.096797 0.191592 0.073596 
0.035706 0.324301 0.332759 0.230783 0.076452 
0.004935 0.473454 0.078855 0.412500 0.030256 
0.929875 0.018341 0.002432 0.032588 0.016764 
0.593688 0.103101 0.019690 0.283319 0.000202 
0.684348 0.000914 0.000198 0.106405 0.208135 
0.887883 0.061969 0.003462 0.005392 0.041295 
0.552047 0.003758 0.276262 0.035176 0.132758 
0.732571 0.133525 0.094364 0.010554 0.028987 
0.000726 0.001363 0.450968 0.388015 0.158928 
0.031340 0.197001 0.401224 0.061322 0.309114 
0.151689 0.388258 0.150259 0.012225 0.297569 
0.927848 0.000105 0.052927 0.018995 0.000125 
0.536590 0.017461 0.281522 0.042410 0.122017 
0.563771 0.045016 0.370924 0.010608 0.009682 
0.701181 0.004880 0.000197 0.106570 0.187173 
0.587214 0.001470 0.003121 0.072527 0.335668 
0.001106 0.155946 0.051913 0.627858 0.163177 
0.000973 0.475839 0.000850 0.170605 0.351734 
0.005546 0.005093 0.697115 0.025464 0.266781 
0.897453 0.000408 0.047266 0.052219 0.002653 
0.740816 0.131659 0.016343 0.104862 0.006320 
0.711646 0.000080 0.004013 0.027125 0.257136 
0.351644 0.060372 0.246313 0.063300 0.278371 
0.096699 0.215641 0.133152 0.001490 0.553017 
0.075677 0.011801 0.606602 0.008410 0.297510 
0.284555 0.051008 0.002986 0.596163 0.065288 
0.715674 0.016707 0.124938 0.019337 0.123344 
0.910288 0.000084 0.010145 0.052500 0.026983 
0.764555 0.000725 0.084869 0.141385 0.008466 
0.856261 0.087483 0.000000 0.037352 0.018903 
0.547680 0.186264 0.007835 0.000445 0.257776 
0.704188 0.020151 0.094114 0.000001 0.181545 
0.251251 0.246470 0.305620 0.007760 0.188899 
0.259264 0.005364 0.092295 0.589777 0.053300 
0.932786 0.018058 0.001984 0.047036 0.000136 
0.500960 0.003189 0.053899 0.134487 0.307464 
0.624424 0.000664 0.016227 0.298902 0.059782 
0.702375 0.055170 0.132886 0.101901 0.007667 
0.731553 0.013110 0.160139 0.014301 0.080896 
0.881557 0.034495 0.002758 0.009750 0.071440 
0.049697 0.796564 0.072819 0.031068 0.049852 
0.178072 0.573317 0.197168 0.001802 0.049641 
0.026822 0.719723 0.232589 0.016297 0.004568 
0.083709 0.818233 0.000927 0.022499 0.074633 
0.260136 0.564287 0.002633 0.023187 0.149757 
0.088130 0.575941 0.004798 0.008174 0.322956 
0.815573 0.025177 0.089744 0.011845 0.057661 
0.491634 0.002086 0.001414 0.281561 0.223305 
0.556613 0.127313 0.032577 0.021065 0.262432 
0.156295 0.009132 0.052436 0.680854 0.101283 
0.000003 0.808440 0.070578 0.005178 0.115801 
0.595501 0.270493 0.014669 0.043383 0.075954 
0.520029 0.195275 0.086934 0.000535 0.197227 
0.010790 0.465490 0.199554 0.068660 0.255506 
0.454484 0.370601 0.019299 0.152819 0.002797 
0.676116 0.127091 0.141393 0.043550 0.011850 
0.695447 0.066475 0.135823 0.046465 0.055790 
0.684069 0.118909 0.008680 0.136657 0.051685 
0.797258 0.004144 0.024938 0.008370 0.165289 
0.693487 0.107563 0.078839 0.063261 0.056851 
0.613619 0.006006 0.112080 0.048097 0.220198 
0.607525 0.019356 0.333451 0.001777 0.037890 
0.151691 0.162703 0.627878 0.018008 0.039720 
0.053578 0.023056 0.822049 0.034830 0.066487 
0.031985 0.169488 0.762417 0.009729 0.026381 
0.090003 0.897360 0.000946 0.006685 0.005006 
0.130784 0.640692 0.130914 0.082458 0.015151 
0.294537 0.596666 0.083132 0.019027 0.006637 
0.854132 0.012561 0.000753 0.065198 0.067354 
0.772372 0.000511 0.088189 0.044305 0.094622 
0.595800 0.025322 0.006855 0.061632 0.310391 
0.675406 0.052224 0.135833 0.132023 0.004515 
0.659705 0.003534 0.108305 0.000278 0.228179 
0.704422 0.039238 0.002341 0.230914 0.023084 
0.894422 0.015080 0.005278 0.003459 0.081761 
0.665533 0.025829 0.302910 0.000418 0.005309 
0.667397 0.003339 0.078449 0.170538 0.080276 
0.678600 0.061312 0.042962 0.207500 0.009625 
0.598474 0.006610 0.142350 0.012762 0.239803 
0.457499 0.004732 0.003084 0.087562 0.447124 
0.342427 0.006470 0.001672 0.632947 0.016484 
0.814661 0.055642 0.042915 0.062709 0.024074 
0.675086 0.010292 0.001023 0.063690 0.249909 
0.490864 0.071686 0.207629 0.005810 0.224011 
0.000074 0.816599 0.055526 0.063900 0.063900 
0.546461 0.039116 0.299172 0.025000 0.090251 
0.468341 0.000244 0.102866 0.159917 0.268632 
0.060080 0.528623 0.102110 0.274379 0.034808 
0.667376 0.046263 0.180596 0.098999 0.006766 
0.012288 0.814836 0.161661 0.006098 0.005117 
0.735743 0.086194 0.021968 0.106729 0.049366 
0.574020 0.027496 0.167420 0.201832 0.029231 
0.642666 0.045317 0.145477 0.102673 0.063868 
0.522205 0.022289 0.190961 0.229166 0.035379 
0.529725 0.000254 0.254878 0.165073 0.050070 
0.934592 0.008097 0.037447 0.005035 0.014828 
0.514085 0.164709 0.014602 0.055976 0.250628 
0.510620 0.005715 0.234329 0.172733 0.076603 
0.718495 0.068738 0.101999 0.039898 0.070870 
0.511901 0.306143 0.072671 0.058793 0.050492 
0.514775 0.266645 0.088134 0.102544 0.027901 
0.922205 0.000171 0.006355 0.022307 0.048962 
0.619008 0.002840 0.181301 0.070814 0.126036 
0.007381 0.618619 0.010847 0.061727 0.301426 
0.816939 0.094080 0.002774 0.043682 0.042524 
0.564633 0.009593 0.106484 0.062629 0.256661 
0.639735 0.012653 0.076535 0.005102 0.265975 
0.672068 0.119192 0.037186 0.114032 0.057523 
0.619659 0.060760 0.118826 0.016434 0.184322 
0.640643 0.015168 0.318952 0.000325 0.024911 
0.736229 0.113867 0.001871 0.081005 0.067028 
0.007551 0.553178 0.373446 0.000588 0.065236 
0.660602 0.212688 0.084904 0.038156 0.003649 
0.017563 0.290500 0.667827 0.004806 0.019304 
0.112692 0.264617 0.510588 0.107730 0.004373 
0.000638 0.719885 0.059381 0.143915 0.076181 
0.006923 0.468024 0.094533 0.430186 0.000334 
0.429080 0.237429 0.003462 0.262494 0.067535 
0.795847 0.014392 0.150368 0.000300 0.039093 
0.628679 0.097080 0.219873 0.038202 0.016166 
0.832453 0.006434 0.086276 0.002307 0.072530 
0.815206 0.064320 0.052946 0.021603 0.045925 
0.587711 0.045495 0.069873 0.087628 0.209293 
0.565284 0.248153 0.000121 0.186279 0.000162 
0.501492 0.408281 0.020183 0.049982 0.020062 
0.000150 0.207390 0.654631 0.020590 0.117239 
0.440360 0.364173 0.050134 0.002318 0.143015 
0.792527 0.005757 0.014675 0.129355 0.057687 
0.687752 0.045365 0.166012 0.043577 0.057294 
0.531460 0.392111 0.050749 0.024760 0.000921 
0.850900 0.002903 0.015775 0.045617 0.084805 
0.716514 0.092893 0.081008 0.002177 0.107407 
0.864014 0.000004 0.089933 0.036100 0.009950 
0.032480 0.666137 0.109772 0.136455 0.055156 
0.048881 0.001196 0.480738 0.013876 0.455308 
0.124181 0.533215 0.012080 0.156917 0.173607 
0.981113 0.002520 0.015266 0.000200 0.000901 
0.822476 0.003308 0.073819 0.006116 0.094281 
0.769160 0.078625 0.035196 0.116959 0.000061 
0.003497 0.875249 0.081990 0.032823 0.006441 
0.046857 0.002584 0.804586 0.014051 0.131922 
0.776402 0.000268 0.023484 0.064131 0.135715 
0.826979 0.132685 0.035661 0.003913 0.000761 
0.514438 0.365287 0.003231 0.106012 0.011031 
0.672709 0.203502 0.002448 0.087038 0.034301 
0.866281 0.047975 0.014127 0.027415 0.044202 
0.493551 0.000000 0.056495 0.177617 0.272337 
0.557106 0.313993 0.002787 0.096042 0.030073 
0.741475 0.008364 0.186885 0.055287 0.007988 
0.281949 0.701173 0.005166 0.001445 0.010267 
0.008348 0.091088 0.854779 0.043991 0.001794 
0.061125 0.780757 0.086917 0.044230 0.026971 
0.024049 0.866120 0.038824 0.040899 0.030108 
0.107450 0.740642 0.075375 0.000718 0.075815 
0.033797 0.005891 0.593344 0.365637 0.001331 
0.047366 0.180380 0.565788 0.179855 0.026610 
0.353940 0.465823 0.029720 0.008765 0.141752 
0.718582 0.130149 0.035100 0.078526 0.037643 
0.492960 0.233549 0.033742 0.177961 0.061788 
0.604072 0.322055 0.058766 0.012009 0.003098 
0.287009 0.068325 0.365869 0.035063 0.243735 
0.359189 0.131969 0.236244 0.135943 0.136656 
0.666392 0.094323 0.090645 0.141282 0.007358 
0.573847 0.019698 0.273647 0.050034 0.082774 
0.565631 0.004348 0.295108 0.133464 0.001449 
0.118079 0.714340 0.100567 0.057479 0.009535 
0.048170 0.513061 0.307077 0.020899 0.110793 
0.172022 0.535666 0.286571 0.000909 0.004832 
0.638479 0.126357 0.076432 0.069231 0.089501 
0.545243 0.027684 0.096380 0.000452 0.330241 
0.586615 0.008575 0.081625 0.322565 0.000620 
0.742343 0.054897 0.198307 0.001902 0.002550 
0.483945 0.172244 0.284651 0.058964 0.000196 
0.434081 0.070296 0.437061 0.046921 0.011641 
0.441031 0.494834 0.057874 0.001152 0.005109 
0.156937 0.789193 0.052304 0.000288 0.001278 
0.247960 0.491120 0.237559 0.012908 0.010452 
0.005658 0.783033 0.099095 0.069207 0.043007 
0.101344 0.554525 0.338338 0.004001 0.001792 
0.104429 0.608904 0.117465 0.109372 0.059830 
0.566716 0.316195 0.045281 0.031367 0.040441 
0.540965 0.260956 0.003705 0.022600 0.171774 
0.044884 0.002390 0.923860 0.009168 0.019697 
0.005597 0.110877 0.737441 0.000151 0.145933 
0.104560 0.118822 0.692351 0.067894 0.016373 
0.000609 0.867390 0.038123 0.062160 0.031718 
0.579633 0.226128 0.024483 0.081679 0.088077 
0.003147 0.781261 0.030828 0.118189 0.066574 
0.287811 0.008682 0.372339 0.257064 0.074105 
0.400751 0.032553 0.041252 0.179652 0.345792 
0.018416 0.008052 0.015090 0.944392 0.014051 
0.055820 0.000098 0.821307 0.001979 0.120796 
0.317427 0.168802 0.219859 0.291140 0.002772 
0.007404 0.349219 0.386330 0.102235 0.154812 
0.834974 0.000052 0.030069 0.102602 0.032303 
0.611438 0.094507 0.094430 0.068127 0.131497 
0.678063 0.000000 0.203167 0.000065 0.118705 
0.120814 0.628449 0.073497 0.170402 0.006837 
0.316883 0.305032 0.247432 0.130368 0.000285 
0.283316 0.693355 0.020763 0.000914 0.001652 
0.740310 0.100131 0.004660 0.068725 0.086175 
0.667193 0.011897 0.082493 0.010812 0.227606 
0.823733 0.014343 0.050556 0.064062 0.047305 
0.529543 0.235046 0.000240 0.053362 0.181808 
0.494497 0.150262 0.003786 0.016881 0.334574 
0.755196 0.017913 0.116804 0.016670 0.093416 
0.015246 0.000107 0.544409 0.314140 0.126097 
0.603595 0.107159 0.002939 0.284135 0.002172 
0.807783 0.001310 0.087045 0.089764 0.014097 
0.664830 0.034583 0.103268 0.125748 0.071571 
0.739365 0.018393 0.002905 0.161275 0.078062 
0.448447 0.033412 0.032336 0.012283 0.473522 
0.725768 0.098484 0.054922 0.120132 0.000694 
0.002616 0.459125 0.001375 0.496952 0.039932 
0.023885 0.561393 0.194941 0.189396 0.030385 
0.730821 0.102301 0.071725 0.059825 0.035329 
0.040252 0.476850 0.221366 0.230140 0.031392 
0.386132 0.354263 0.043058 0.029612 0.186935 
0.776426 0.121708 0.061239 0.039740 0.000887 
0.569141 0.104063 0.154829 0.082142 0.089825 
0.626502 0.260634 0.023731 0.086880 0.002253 
0.048159 0.792098 0.013068 0.004190 0.142486 
0.155467 0.579056 0.027158 0.036567 0.201753 
0.103028 0.785704 0.061114 0.001599 0.048555 
0.036969 0.299571 0.636578 0.026515 0.000367 
0.570065 0.394647 0.005146 0.008003 0.022139 
0.044976 0.284846 0.589862 0.033257 0.047059 
0.284829 0.589052 0.016883 0.109106 0.000131 
0.000113 0.018305 0.528878 0.020060 0.432644 
0.138526 0.195503 0.308783 0.003713 0.353476 
0.148287 0.736483 0.027754 0.086838 0.000638 
0.000529 0.024911 0.802849 0.013183 0.158527 
0.041167 0.041221 0.803036 0.033216 0.081360 
0.103555 0.812482 0.015707 0.006660 0.061595 
0.323835 0.054723 0.006924 0.007536 0.606982 
0.460438 0.141264 0.009742 0.004598 0.383958 
0.187897 0.000575 0.117296 0.045458 0.648774 
0.372748 0.002353 0.395522 0.119353 0.110023 
0.042782 0.091801 0.806619 0.055322 0.003475 
0.199754 0.042059 0.749339 0.004225 0.004623 
0.201272 0.172472 0.599677 0.026454 0.000125 
0.015715 0.941963 0.017318 0.019537 0.005467 
0.017355 0.732096 0.117137 0.009434 0.123979 
0.016720 0.662666 0.000234 0.312369 0.008011 
0.839493 0.031159 0.003529 0.012155 0.113664 
0.001313 0.650984 0.040508 0.000043 0.307152 
0.012915 0.633685 0.006517 0.005168 0.341714 
0.773981 0.000008 0.079372 0.079397 0.067242 
0.567478 0.065632 0.270001 0.015549 0.081340 
0.741064 0.002171 0.071084 0.006511 0.179171 
0.238465 0.561571 0.101291 0.013843 0.084830 
0.105880 0.738188 0.074072 0.023850 0.058010 
0.173571 0.663360 0.030600 0.000743 0.131727 
0.002866 0.891227 0.029854 0.066938 0.009115 
0.008573 0.666393 0.015091 0.304526 0.005416 
0.000048 0.638658 0.001330 0.268529 0.091435 
0.789328 0.006912 0.093249 0.101705 0.008805 
0.506668 0.000160 0.265593 0.123542 0.104037 
0.643237 0.008668 0.330539 0.012373 0.005183 
0.085778 0.563543 0.098433 0.215556 0.036691 
0.078715 0.136184 0.356870 0.113669 0.314561 
0.429417 0.428409 0.009114 0.081031 0.052028 
0.027946 0.678630 0.005549 0.119677 0.168198 
0.852098 0.033811 0.056089 0.049683 0.008319 
0.712660 0.089494 0.000695 0.029642 0.167509 
0.815200 0.027698 0.007894 0.148395 0.000813 
0.281807 0.039209 0.003993 0.332096 0.342895 
0.374439 0.012803 0.159248 0.009678 0.443833 
0.194865 0.488773 0.000135 0.202316 0.113911 
0.041449 0.004185 0.705355 0.113372 0.135638 
0.117351 0.004755 0.633252 0.122869 0.121773 
0.212760 0.549533 0.069026 0.005085 0.163595 
0.138636 0.682981 0.019582 0.141251 0.017550 
0.054809 0.560953 0.321439 0.029718 0.033080 
0.047498 0.019389 0.790887 0.079093 0.063134 
0.055425 0.154701 0.588807 0.000077 0.200989 
0.051270 0.003547 0.220130 0.711447 0.013606 
0.072578 0.000755 0.088514 0.568644 0.269510 
0.000818 0.637848 0.065482 0.295635 0.000217 
0.520292 0.008857 0.093611 0.297209 0.080031 
0.095173 0.440463 0.193607 0.006449 0.264308 
0.006349 0.616432 0.005724 0.048515 0.322981 
0.087063 0.088714 0.777912 0.000507 0.045804 
0.287449 0.050847 0.585924 0.043334 0.032447 
0.117070 0.014493 0.621797 0.059736 0.186905 
0.742128 0.002158 0.019866 0.065368 0.170480 
0.814315 0.009985 0.060889 0.019691 0.095119 
0.525665 0.002968 0.126722 0.312410 0.032235 
0.878413 0.035523 0.013650 0.048847 0.023567 
0.469682 0.047586 0.055840 0.190666 0.236225 
0.650858 0.148401 0.041153 0.063294 0.096294 
0.811106 0.015193 0.084265 0.052073 0.037363 
0.696885 0.023240 0.092569 0.176684 0.010621 
0.817739 0.067297 0.026967 0.084472 0.003525 
0.789494 0.042543 0.032823 0.069087 0.066053 
0.577955 0.237141 0.040642 0.087295 0.056966 
0.575865 0.122151 0.291814 0.001097 0.009073 
0.394034 0.048200 0.468196 0.044214 0.045356 
0.623141 0.049668 0.209326 0.115759 0.002106 
0.843549 0.004491 0.008266 0.084664 0.059030 
0.070761 0.723807 0.067094 0.004259 0.134079 
0.114889 0.465773 0.009855 0.090712 0.318771 
0.013789 0.312624 0.578115 0.092998 0.002474 
0.041918 0.107405 0.733168 0.070123 0.047386 
0.180494 0.176096 0.594614 0.020483 0.028313 
0.300239 0.131757 0.101532 0.372150 0.094321 
0.099795 0.094138 0.228103 0.487547 0.090418 
0.135864 0.029752 0.280538 0.288575 0.265271 
0.799358 0.085488 0.005159 0.071563 0.038431 
0.733710 0.003565 0.081903 0.180209 0.000613 
0.591058 0.041125 0.028893 0.002198 0.336726 
0.039869 0.751858 0.001642 0.147041 0.059590 
0.585320 0.001145 0.062831 0.054025 0.296678 
0.009648 0.000775 0.527649 0.206757 0.255172 
0.057123 0.758905 0.092566 0.088887 0.002518 
0.258008 0.028410 0.700743 0.001030 0.011809 
0.235721 0.604299 0.084759 0.003840 0.071380 
0.014612 0.920332 0.008882 0.037909 0.018265 
0.006995 0.531126 0.062942 0.322212 0.076725 
0.551892 0.017388 0.110677 0.319349 0.000695 
0.813788 0.030366 0.026671 0.101916 0.027260 
0.622861 0.033007 0.101327 0.179968 0.062836 
0.623699 0.000137 0.012295 0.363387 0.000483 
0.412921 0.088900 0.136060 0.007094 0.355026 
0.417254 0.054658 0.333636 0.135666 0.058786 
0.018001 0.102078 0.755101 0.057529 0.067291 
0.035766 0.289679 0.625619 0.004759 0.044177 
0.197133 0.629819 0.038918 0.000588 0.133542 
0.299152 0.104503 0.508416 0.087354 0.000574 
0.099406 0.771723 0.096038 0.032725 0.000108 
0.105147 0.556001 0.032320 0.285893 0.020639 
0.045485 0.565851 0.135374 0.167701 0.085589 
0.054554 0.790555 0.080923 0.013573 0.060395 
0.212812 0.432651 0.279383 0.003492 0.071662 
0.081109 0.489487 0.313316 0.098531 0.017557 
0.051241 0.003097 0.779889 0.039703 0.126070 
0.219343 0.002212 0.474568 0.005932 0.297945 
0.249158 0.028938 0.568009 0.000446 0.153448 
0.001747 0.068192 0.844356 0.077596 0.008110 
0.000004 0.234548 0.530548 0.234619 0.000281 
0.076492 0.280551 0.505965 0.104586 0.032407 
0.692688 0.080813 0.109132 0.000955 0.116412 
0.667039 0.023436 0.273000 0.006295 0.030230 
0.508908 0.003600 0.287085 0.031963 0.168445 
0.750098 0.052122 0.056518 0.089537 0.051725 
0.003089 0.606202 0.242470 0.148084 0.000155 
0.546129 0.082924 0.059093 0.311250 0.000604 
0.000004 0.797425 0.050484 0.065303 0.086783 
0.092029 0.677259 0.050252 0.050616 0.129844 
0.028122 0.646500 0.000022 0.001731 0.323626 
0.856217 0.024750 0.005909 0.055638 0.057486 
0.376070 0.249680 0.128154 0.161394 0.084701 
0.441916 0.229550 0.297978 0.023806 0.006750 
0.014207 0.774702 0.008503 0.130561 0.072027 
0.099109 0.606172 0.021797 0.075334 0.197588 
0.027391 0.622548 0.089949 0.015533 0.244578 
0.105485 0.562035 0.100925 0.158407 0.073148 
0.265377 0.458361 0.103954 0.065098 0.107210 
0.170550 0.627954 0.097423 0.016605 0.087468 
0.068761 0.575547 0.022368 0.051186 0.282139 
0.016860 0.430126 0.543371 0.003544 0.006099 
0.000814 0.353494 0.039017 0.601525 0.005150 
0.219676 0.535151 0.047706 0.181595 0.015871 
0.060076 0.766309 0.063521 0.036796 0.073298 
0.064449 0.802580 0.038882 0.080606 0.013482 
0.787517 0.033237 0.080053 0.039849 0.059344 
0.510738 0.208301 0.019452 0.183380 0.078128 
0.676008 0.038642 0.000176 0.041618 0.243556 
0.017099 0.187534 0.070836 0.695130 0.029400 
0.136031 0.288018 0.216482 0.295511 0.063958 
0.029835 0.441631 0.004432 0.092771 0.431331 
0.031757 0.829533 0.048834 0.050397 0.039480 
0.241223 0.519704 0.115010 0.068855 0.055208 
0.024030 0.182377 0.560146 0.229443 0.004005 
0.067993 0.216023 0.206560 0.059918 0.449506 
0.045271 0.161533 0.429271 0.227293 0.136632 
0.000899 0.448654 0.194162 0.149381 0.206904 
0.064890 0.389101 0.001774 0.384179 0.160056 
0.009409 0.651039 0.013834 0.309428 0.016290 
0.018246 0.676405 0.002050 0.278091 0.025209 
0.007681 0.091094 0.296273 0.567504 0.037447 
0.723644 0.076617 0.082559 0.060141 0.057040 
0.513962 0.196849 0.014065 0.043073 0.232052 
0.633070 0.265606 0.015496 0.005525 0.080302 
0.346932 0.437091 0.195220 0.006577 0.014180 
0.315612 0.216096 0.411757 0.000152 0.056384 
0.162306 0.328920 0.442681 0.042673 0.023420 
0.489740 0.224374 0.000020 0.114461 0.171404 
0.381614 0.000001 0.258957 0.010296 0.349132 
0.201116 0.005925 0.535605 0.251047 0.006308 
0.571797 0.117999 0.001258 0.237860 0.071086 
0.600170 0.337328 0.001625 0.060756 0.000121 
0.297801 0.336480 0.261774 0.025146 0.078799 
0.014412 0.906238 0.024354 0.000315 0.054681 
0.008804 0.575706 0.115540 0.165553 0.134397 
0.015856 0.566425 0.260772 0.145323 0.011624 
0.125730 0.776253 0.073890 0.006089 0.018038 
0.252306 0.424036 0.099493 0.222382 0.001783 
0.490229 0.448565 0.000485 0.051818 0.008903 
0.004376 0.010669 0.948363 0.012310 0.024282 
0.194451 0.050428 0.426173 0.076222 0.252726 
0.025291 0.207439 0.214042 0.509301 0.043927 
0.650919 0.005992 0.133689 0.000880 0.208519 
0.223242 0.169306 0.045810 0.038009 0.523632 
0.112515 0.052138 0.000627 0.082466 0.752254 
0.521115 0.010795 0.013881 0.445912 0.008296 
0.009007 0.615857 0.205644 0.092632 0.076860 
0.589277 0.017512 0.000253 0.345899 0.047060 
0.061618 0.284281 0.052215 0.372691 0.229196 
0.871621 0.039603 0.070481 0.010961 0.007335 
0.320799 0.272109 0.383506 0.009088 0.014498 
0.783242 0.086772 0.000017 0.010102 0.119868 
0.112577 0.526250 0.005738 0.000778 0.354658 
0.073613 0.079631 0.828375 0.004615 0.013764 
0.271212 0.131062 0.558067 0.002054 0.037605 
0.163292 0.050045 0.693110 0.000255 0.093298 
0.025407 0.107304 0.540734 0.301679 0.024877 
0.025643 0.059147 0.699889 0.105571 0.109750 
0.688144 0.146067 0.095594 0.070179 0.000015 
0.363677 0.178668 0.352781 0.014436 0.090439 
0.398124 0.434390 0.100863 0.000378 0.066246 
0.018395 0.475442 0.220181 0.250148 0.035834 
0.131361 0.674285 0.049553 0.008471 0.136329 
0.085514 0.373649 0.003682 0.128785 0.408369 
0.049983 0.318130 0.393786 0.108554 0.129547 
0.087199 0.334366 0.286368 0.266207 0.025860 
0.015449 0.636906 0.149995 0.046757 0.150893 
0.001641 0.505591 0.216936 0.057710 0.218122 
0.062016 0.871927 0.003663 0.030002 0.032393 
0.020630 0.785560 0.069304 0.016765 0.107740 
0.084999 0.764157 0.144384 0.000487 0.005973 
0.669452 0.114604 0.110547 0.078094 0.027304 
0.020859 0.627101 0.007541 0.339424 0.005075 
0.004529 0.612450 0.131680 0.118735 0.132606 
0.084401 0.653478 0.092682 0.027821 0.141617 
0.177150 0.541040 0.013567 0.007329 0.260914 
0.009616 0.847682 0.021469 0.090012 0.031221 
0.014294 0.576457 0.054980 0.148683 0.205585 
0.080741 0.875178 0.020799 0.002483 0.020798 
0.008270 0.623188 0.004219 0.178080 0.186243 
0.016864 0.443930 0.017593 0.246633 0.274980 
0.000957 0.553395 0.001144 0.250917 0.193587 
0.028403 0.789990 0.102162 0.047349 0.032097 
0.870223 0.038073 0.000585 0.035777 0.055341 
0.006695 0.583607 0.069679 0.048429 0.291589 
0.517809 0.022605 0.001299 0.200681 0.257606 
0.608037 0.042684 0.068921 0.019398 0.260960 
0.006146 0.299496 0.029361 0.012633 0.652364 
0.359862 0.271825 0.021284 0.029801 0.317228 
0.761815 0.047983 0.061204 0.040793 0.088205 
0.423169 0.111526 0.053423 0.119834 0.292049 
0.499939 0.221308 0.004142 0.011927 0.262684 
0.855352 0.000396 0.032662 0.036856 0.074734 
0.545522 0.018086 0.017737 0.077713 0.340942 
0.546229 0.124583 0.103893 0.011655 0.213641 
0.839562 0.034263 0.007351 0.000000 0.118823 
0.367457 0.263020 0.015653 0.150144 0.203726 
0.473780 0.284709 0.126542 0.046349 0.068620 
0.606446 0.038257 0.027523 0.038264 0.289510 
0.370929 0.062000 0.237256 0.029979 0.299836 
0.019539 0.755972 0.063519 0.050315 0.110656 
0.017532 0.684044 0.000537 0.046379 0.251508 
0.106746 0.650343 0.126621 0.017211 0.099079 
0.005012 0.096373 0.729526 0.071440 0.097650 
0.228242 0.455695 0.000203 0.023567 0.292294 
0.061018 0.606140 0.036643 0.000015 0.296183 
0.595000 0.116895 0.038025 0.131660 0.118419 
0.559805 0.095472 0.013068 0.026891 0.304765 
0.504865 0.036191 0.125229 0.047982 0.285732 
0.333024 0.267508 0.016727 0.001358 0.381383 
0.470411 0.254803 0.002606 0.148565 0.123614 
0.533343 0.055924 0.200205 0.069400 0.141129 
0.526777 0.126332 0.098384 0.145308 0.103200 
0.618955 0.101612 0.102027 0.103733 0.073673 
0.000952 0.474479 0.458030 0.000572 0.065967 
0.790856 0.002973 0.163398 0.017415 0.025358 
0.598589 0.009475 0.292795 0.085271 0.013870 
0.001018 0.494063 0.062000 0.208056 0.234862 
0.069912 0.226232 0.004612 0.601322 0.097922 
0.006307 0.004690 0.021636 0.933359 0.034007 
0.252853 0.003166 0.012773 0.729694 0.001515 
0.164909 0.386546 0.029853 0.312957 0.105735 
0.234690 0.004655 0.000064 0.724932 0.035659 
0.494465 0.239383 0.012263 0.001543 0.252345 
0.313621 0.376646 0.000403 0.047752 0.261578 
0.231746 0.011889 0.232093 0.024364 0.499907 
0.085357 0.079445 0.834288 0.000837 0.000073 
0.155091 0.120257 0.639244 0.075777 0.009631 
0.316458 0.060313 0.526541 0.094237 0.002450 
0.065657 0.715824 0.019987 0.066021 0.132512 
0.006661 0.644986 0.012262 0.028665 0.307425 
0.127297 0.556760 0.110568 0.007798 0.197577 
0.413822 0.209706 0.285236 0.066432 0.024804 
0.434741 0.231068 0.113438 0.218894 0.001859 
0.192922 0.002192 0.192391 0.000760 0.611735 
0.255386 0.056282 0.116345 0.541617 0.030370 
0.505951 0.044784 0.208249 0.012050 0.228966 
0.445008 0.086890 0.001106 0.237298 0.229698 
0.001274 0.050872 0.858428 0.001119 0.088306 
0.139000 0.180800 0.626891 0.000006 0.053303 
0.014248 0.412464 0.567699 0.004581 0.001007 
0.162700 0.188761 0.202232 0.136566 0.309741 
0.157790 0.463275 0.015426 0.022097 0.341412 
0.390006 0.021708 0.414522 0.069826 0.103938 
0.743915 0.053172 0.057566 0.144044 0.001303 
0.000214 0.988796 0.003965 0.000013 0.007012 
0.237535 0.000926 0.662895 0.076212 0.022432 
0.239321 0.073775 0.014973 0.664453 0.007479 
0.027852 0.090183 0.845124 0.036671 0.000170 
0.074305 0.733305 0.053183 0.015845 0.123363 
0.058372 0.538055 0.073666 0.015191 0.314716 
0.185267 0.578276 0.036656 0.062286 0.137515 
0.461230 0.292716 0.015781 0.175827 0.054446 
0.318764 0.266019 0.159535 0.251342 0.004340 
0.165925 0.731156 0.092208 0.009575 0.001135 
0.724382 0.088664 0.154127 0.013738 0.019090 
0.053725 0.536949 0.289264 0.070456 0.049605 
0.048036 0.454120 0.121710 0.206599 0.169535 
0.442227 0.000624 0.139230 0.013666 0.404253 
0.467086 0.048033 0.011824 0.471301 0.001756 
0.072587 0.893044 0.017946 0.008092 0.008331 
0.128367 0.520471 0.198398 0.025886 0.126878 
0.259337 0.531268 0.066308 0.004814 0.138272 
0.017215 0.892468 0.009597 0.077598 0.003122 
0.010547 0.506863 0.187806 0.000585 0.294200 
0.000001 0.790940 0.044930 0.021036 0.143092 
0.027032 0.059940 0.739820 0.087433 0.085775 
0.243463 0.480165 0.234349 0.000265 0.041758 
0.023399 0.322203 0.542362 0.101585 0.010450 
0.167299 0.617351 0.016403 0.197561 0.001385 
0.001494 0.449430 0.321889 0.006557 0.220631 
0.039587 0.311260 0.000606 0.481932 0.166616 
0.036701 0.000879 0.138980 0.716049 0.107391 
0.162007 0.197487 0.564396 0.000161 0.075948 
0.011505 0.098568 0.689486 0.148986 0.051455 
0.033537 0.396620 0.455096 0.036997 0.077751 
0.076429 0.048354 0.329515 0.515906 0.029796 
0.013900 0.947919 0.010734 0.026283 0.001164 
0.083934 0.814593 0.058196 0.019075 0.024203 
0.086270 0.006867 0.550320 0.197343 0.159199 
0.090755 0.874875 0.006137 0.001163 0.027070 
0.016681 0.661354 0.098459 0.001712 0.221794 
0.011151 0.855125 0.006533 0.001059 0.126131 
0.000016 0.282395 0.358687 0.083312 0.275590 
0.096006 0.394300 0.205068 0.148187 0.156438 
0.255512 0.008059 0.053774 0.007668 0.674986 
0.080651 0.762568 0.043347 0.076008 0.037426 
0.000167 0.865119 0.119842 0.005816 0.009056 
0.039623 0.553441 0.234783 0.010042 0.162110 
0.042387 0.069323 0.000027 0.782065 0.106198 
0.049724 0.060504 0.009464 0.875132 0.005177 
0.273651 0.003029 0.649643 0.000280 0.073396 
0.225478 0.010710 0.002205 0.598844 0.162762 
0.059519 0.095553 0.475042 0.054271 0.315615 
0.002574 0.810572 0.028961 0.043570 0.114323 
0.042718 0.526530 0.075736 0.294293 0.060722 
0.009718 0.142713 0.706747 0.103431 0.037390 
0.251282 0.000547 0.505920 0.242237 0.000014 
0.014871 0.021357 0.909538 0.027439 0.026795 
0.146540 0.013189 0.775300 0.062949 0.002021 
0.362586 0.007829 0.017213 0.300480 0.311891 
0.753661 0.017115 0.089021 0.017810 0.122393 
0.060843 0.583088 0.159516 0.162261 0.034292 
0.020676 0.282292 0.307762 0.356170 0.033101 
0.058210 0.049099 0.299999 0.385108 0.207585 
0.000219 0.961371 0.006472 0.001070 0.030869 
0.077867 0.003191 0.828707 0.090205 0.000031 
0.083315 0.064666 0.748648 0.010921 0.092450 
0.133551 0.025204 0.402345 0.316212 0.122688 
0.250160 0.245367 0.470857 0.022820 0.010795 
0.255553 0.129103 0.565719 0.005284 0.044342 
0.125146 0.022643 0.121717 0.715433 0.015061 
0.231874 0.000738 0.249291 0.517336 0.000762 
0.036255 0.053893 0.051360 0.790396 0.068096 
0.078314 0.100351 0.263110 0.540670 0.017555 
0.066783 0.862527 0.064882 0.005510 0.000298 
0.082876 0.492366 0.351543 0.000373 0.072841 
0.313230 0.339424 0.187326 0.147097 0.012922 
0.015941 0.051408 0.896590 0.030417 0.005644 
0.010074 0.671969 0.161100 0.048432 0.108426 
0.024295 0.423211 0.105173 0.210533 0.236788 
0.000417 0.025717 0.952636 0.002047 0.019183 
0.191197 0.300544 0.432901 0.006309 0.069050 
0.041677 0.270819 0.444691 0.019523 0.223289 
0.003753 0.680303 0.296299 0.018307 0.001339 
0.164028 0.519088 0.286958 0.001642 0.028284 
0.393061 0.099671 0.391680 0.091816 0.023770 
0.825106 0.029328 0.077711 0.000761 0.067093 
0.985781 0.002035 0.000055 0.000678 0.011451 
0.625531 0.123875 0.001416 0.240272 0.008907 
0.022873 0.782027 0.097383 0.014007 0.083710 
0.000729 0.007213 0.912629 0.014082 0.065346 
0.149231 0.630901 0.007145 0.087813 0.124909 
0.000045 0.054790 0.640140 0.006731 0.298294 
0.693917 0.002777 0.069706 0.084982 0.148618 
0.518260 0.262203 0.037676 0.026247 0.155615 
0.044751 0.418874 0.133337 0.006183 0.396855 
0.117306 0.738059 0.008100 0.007551 0.128984 
0.197125 0.197640 0.594149 0.005374 0.005713 
0.234616 0.431983 0.097909 0.000040 0.235452 
0.071891 0.270306 0.643800 0.010815 0.003188 
0.041518 0.090476 0.825782 0.004890 0.037334 
0.098191 0.094297 0.015338 0.678597 0.113577 
0.043378 0.000923 0.031370 0.766482 0.157847 
0.086669 0.256965 0.057816 0.000032 0.598518 
0.044090 0.681226 0.125069 0.093572 0.056044 
0.110391 0.714690 0.088582 0.062257 0.024079 
0.103316 0.012002 0.603668 0.011867 0.269147 
0.005618 0.013206 0.858230 0.121563 0.001383 
0.006401 0.160232 0.259313 0.525105 0.048948 
0.001010 0.080679 0.448848 0.423776 0.045688 
0.018627 0.757894 0.213528 0.002734 0.007218 
0.049654 0.021191 0.017137 0.457164 0.454853 
0.014709 0.115332 0.029328 0.776007 0.064623 
0.001888 0.020998 0.053979 0.197006 0.726129 
0.048138 0.163004 0.050760 0.676887 0.061210 
0.287269 0.012041 0.621482 0.003589 0.075619 
0.069140 0.056750 0.081092 0.788437 0.004581 
0.068488 0.191396 0.735347 0.004671 0.000098 
