0.843897 0.078272 0.021334 0.001086 0.055411 
0.680790 0.001349 0.002481 0.154242 0.161139 
0.832161 0.112448 0.022736 0.031981 0.000673 
0.913733 0.013082 0.006112 0.044329 0.022744 
0.847389 0.000335 0.112621 0.033981 0.005673 
0.725207 0.087769 0.074532 0.106008 0.006484 
0.816189 0.036445 0.046321 0.093030 0.008016 
0.867457 0.007932 0.032244 0.059902 0.032465 
0.875243 0.078238 0.008714 0.001292 0.036513 
0.658623 0.170384 0.115317 0.005362 0.050314 
0.106739 0.654686 0.018943 0.077315 0.142317 
0.009123 0.734804 0.182626 0.040155 0.033292 
0.155037 0.600559 0.154825 0.006634 0.082946 
0.842286 0.030434 0.004153 0.004182 0.118945 
0.646734 0.128627 0.000153 0.062024 0.162462 
0.182510 0.593028 0.148838 0.012021 0.063603 
0.697487 0.123606 0.054528 0.118486 0.005892 
0.009982 0.134869 0.678504 0.143251 0.033394 
0.140185 0.591844 0.124778 0.127238 0.015955 
0.060982 0.069610 0.676439 0.142575 0.050394 
0.116681 0.138221 0.639023 0.101507 0.004569 
0.054439 0.094398 0.537487 0.149416 0.164261 
0.018166 0.688224 0.092723 0.170637 0.030250 
0.072969 0.067731 0.635598 0.121902 0.101800 
0.013876 0.058425 0.919889 0.006643 0.001167 
0.073634 0.093748 0.018510 0.785498 0.028610 
0.069267 0.876773 0.005933 0.033777 0.014251 
0.072674 0.056300 0.793744 0.001824 0.075458 
0.048622 0.075346 0.035602 0.838645 0.001785 
0.087367 0.054403 0.023427 0.007596 0.827206 
0.114677 0.015604 0.749189 0.116002 0.004528 
0.004721 0.017225 0.001089 0.971849 0.005115 
0.844839 0.031509 0.091344 0.000153 0.032155 
0.929875 0.018341 0.002432 0.032588 0.016764 
0.887883 0.061969 0.003462 0.005392 0.041295 
0.927848 0.000105 0.052927 0.018995 0.000125 
0.701181 0.004880 0.000197 0.106570 0.187173 
0.897453 0.000408 0.047266 0.052219 0.002653 
0.715674 0.016707 0.124938 0.019337 0.123344 
0.856261 0.087483 0.000000 0.037352 0.018903 
0.932786 0.018058 0.001984 0.047036 0.000136 
0.702375 0.055170 0.132886 0.101901 0.007667 
0.049697 0.796564 0.072819 0.031068 0.049852 
0.083709 0.818233 0.000927 0.022499 0.074633 
0.815573 0.025177 0.089744 0.011845 0.057661 
0.000003 0.808440 0.070578 0.005178 0.115801 
0.695447 0.066475 0.135823 0.046465 0.055790 
0.693487 0.107563 0.078839 0.063261 0.056851 
0.053578 0.023056 0.822049 0.034830 0.066487 
0.090003 0.897360 0.000946 0.006685 0.005006 
0.854132 0.012561 0.000753 0.065198 0.067354 
0.675406 0.052224 0.135833 0.132023 0.004515 
0.894422 0.015080 0.005278 0.003459 0.081761 
0.678600 0.061312 0.042962 0.207500 0.009625 
0.814661 0.055642 0.042915 0.062709 0.024074 
0.000074 0.816599 0.055526 0.063900 0.063900 
0.735743 0.086194 0.021968 0.106729 0.049366 
0.642666 0.045317 0.145477 0.102673 0.063868 
0.934592 0.008097 0.037447 0.005035 0.014828 
0.718495 0.068738 0.101999 0.039898 0.070870 
0.922205 0.000171 0.006355 0.022307 0.048962 
0.816939 0.094080 0.002774 0.043682 0.042524 
0.672068 0.119192 0.037186 0.114032 0.057523 
0.736229 0.113867 0.001871 0.081005 0.067028 
0.000638 0.719885 0.059381 0.143915 0.076181 
0.795847 0.014392 0.150368 0.000300 0.039093 
0.815206 0.064320 0.052946 0.021603 0.045925 
0.792527 0.005757 0.014675 0.129355 0.057687 
0.850900 0.002903 0.015775 0.045617 0.084805 
0.032480 0.666137 0.109772 0.136455 0.055156 
0.981113 0.002520 0.015266 0.000200 0.000901 
0.003497 0.875249 0.081990 0.032823 0.006441 
0.826979 0.132685 0.035661 0.003913 0.000761 
0.866281 0.047975 0.014127 0.027415 0.044202 
0.008348 0.091088 0.854779 0.043991 0.001794 
0.024049 0.866120 0.038824 0.040899 0.030108 
0.718582 0.130149 0.035100 0.078526 0.037643 
0.666392 0.094323 0.090645 0.141282 0.007358 
0.118079 0.714340 0.100567 0.057479 0.009535 
0.638479 0.126357 0.076432 0.069231 0.089501 
0.742343 0.054897 0.198307 0.001902 0.002550 
0.156937 0.789193 0.052304 0.000288 0.001278 
0.005658 0.783033 0.099095 0.069207 0.043007 
0.044884 0.002390 0.923860 0.009168 0.019697 
0.000609 0.867390 0.038123 0.062160 0.031718 
0.018416 0.008052 0.015090 0.944392 0.014051 
0.834974 0.000052 0.030069 0.102602 0.032303 
0.740310 0.100131 0.004660 0.068725 0.086175 
0.755196 0.017913 0.116804 0.016670 0.093416 
0.664830 0.034583 0.103268 0.125748 0.071571 
0.725768 0.098484 0.054922 0.120132 0.000694 
0.730821 0.102301 0.071725 0.059825 0.035329 
0.776426 0.121708 0.061239 0.039740 0.000887 
0.048159 0.792098 0.013068 0.004190 0.142486 
0.148287 0.736483 0.027754 0.086838 0.000638 
0.000529 0.024911 0.802849 0.013183 0.158527 
0.042782 0.091801 0.806619 0.055322 0.003475 
0.015715 0.941963 0.017318 0.019537 0.005467 
0.839493 0.031159 0.003529 0.012155 0.113664 
0.773981 0.000008 0.079372 0.079397 0.067242 
0.105880 0.738188 0.074072 0.023850 0.058010 
0.002866 0.891227 0.029854 0.066938 0.009115 
0.789328 0.006912 0.093249 0.101705 0.008805 
0.852098 0.033811 0.056089 0.049683 0.008319 
0.041449 0.004185 0.705355 0.113372 0.135638 
0.138636 0.682981 0.019582 0.141251 0.017550 
0.047498 0.019389 0.790887 0.079093 0.063134 
0.087063 0.088714 0.777912 0.000507 0.045804 
0.814315 0.009985 0.060889 0.019691 0.095119 
0.878413 0.035523 0.013650 0.048847 0.023567 
0.811106 0.015193 0.084265 0.052073 0.037363 
0.789494 0.042543 0.032823 0.069087 0.066053 
0.843549 0.004491 0.008266 0.084664 0.059030 
0.041918 0.107405 0.733168 0.070123 0.047386 
0.799358 0.085488 0.005159 0.071563 0.038431 
0.039869 0.751858 0.001642 0.147041 0.059590 
0.057123 0.758905 0.092566 0.088887 0.002518 
0.014612 0.920332 0.008882 0.037909 0.018265 
0.813788 0.030366 0.026671 0.101916 0.027260 
0.018001 0.102078 0.755101 0.057529 0.067291 
0.099406 0.771723 0.096038 0.032725 0.000108 
0.054554 0.790555 0.080923 0.013573 0.060395 
0.051241 0.003097 0.779889 0.039703 0.126070 
0.001747 0.068192 0.844356 0.077596 0.008110 
0.692688 0.080813 0.109132 0.000955 0.116412 
0.750098 0.052122 0.056518 0.089537 0.051725 
0.000004 0.797425 0.050484 0.065303 0.086783 
0.856217 0.024750 0.005909 0.055638 0.057486 
0.014207 0.774702 0.008503 0.130561 0.072027 
0.060076 0.766309 0.063521 0.036796 0.073298 
0.787517 0.033237 0.080053 0.039849 0.059344 
0.031757 0.829533 0.048834 0.050397 0.039480 
0.723644 0.076617 0.082559 0.060141 0.057040 
0.014412 0.906238 0.024354 0.000315 0.054681 
0.125730 0.776253 0.073890 0.006089 0.018038 
0.004376 0.010669 0.948363 0.012310 0.024282 
0.871621 0.039603 0.070481 0.010961 0.007335 
0.073613 0.079631 0.828375 0.004615 0.013764 
0.025643 0.059147 0.699889 0.105571 0.109750 
0.015449 0.636906 0.149995 0.046757 0.150893 
0.062016 0.871927 0.003663 0.030002 0.032393 
0.669452 0.114604 0.110547 0.078094 0.027304 
0.009616 0.847682 0.021469 0.090012 0.031221 
0.008270 0.623188 0.004219 0.178080 0.186243 
0.870223 0.038073 0.000585 0.035777 0.055341 
0.761815 0.047983 0.061204 0.040793 0.088205 
0.855352 0.000396 0.032662 0.036856 0.074734 
0.019539 0.755972 0.063519 0.050315 0.110656 
0.005012 0.096373 0.729526 0.071440 0.097650 
0.595000 0.116895 0.038025 0.131660 0.118419 
0.006307 0.004690 0.021636 0.933359 0.034007 
0.085357 0.079445 0.834288 0.000837 0.000073 
0.065657 0.715824 0.019987 0.066021 0.132512 
0.001274 0.050872 0.858428 0.001119 0.088306 
0.027852 0.090183 0.845124 0.036671 0.000170 
0.074305 0.733305 0.053183 0.015845 0.123363 
0.072587 0.893044 0.017946 0.008092 0.008331 
0.017215 0.892468 0.009597 0.077598 0.003122 
0.027032 0.059940 0.739820 0.087433 0.085775 
0.036701 0.000879 0.138980 0.716049 0.107391 
0.011505 0.098568 0.689486 0.148986 0.051455 
0.013900 0.947919 0.010734 0.026283 0.001164 
0.090755 0.874875 0.006137 0.001163 0.027070 
0.080651 0.762568 0.043347 0.076008 0.037426 
0.042387 0.069323 0.000027 0.782065 0.106198 
0.002574 0.810572 0.028961 0.043570 0.114323 
0.014871 0.021357 0.909538 0.027439 0.026795 
0.000219 0.961371 0.006472 0.001070 0.030869 
0.125146 0.022643 0.121717 0.715433 0.015061 
0.036255 0.053893 0.051360 0.790396 0.068096 
0.015941 0.051408 0.896590 0.030417 0.005644 
0.000417 0.025717 0.952636 0.002047 0.019183 
0.985781 0.002035 0.000055 0.000678 0.011451 
0.000729 0.007213 0.912629 0.014082 0.065346 
0.041518 0.090476 0.825782 0.004890 0.037334 
0.110391 0.714690 0.088582 0.062257 0.024079 
0.014709 0.115332 0.029328 0.776007 0.064623 
0.069140 0.056750 0.081092 0.788437 0.004581 
0.027361 0.705231 0.139064 0.098786 0.029558 
0.008321 0.064154 0.008612 0.884506 0.034407 
0.024019 0.004151 0.019680 0.947801 0.004349 
0.021811 0.010039 0.880804 0.010735 0.076611 
0.000131 0.006452 0.133714 0.713793 0.145910 
0.009392 0.112291 0.734928 0.035603 0.107786 
0.023393 0.078356 0.029890 0.788099 0.080263 
0.000142 0.024587 0.090758 0.058914 0.825599 
0.023570 0.858884 0.002535 0.010614 0.104398 
0.132995 0.119723 0.634522 0.108056 0.004703 
0.009259 0.020488 0.859943 0.008026 0.102284 
0.049899 0.708754 0.092109 0.022451 0.126786 
0.000204 0.888109 0.004626 0.040591 0.066470 
0.927087 0.037825 0.016088 0.007512 0.011488 
0.041112 0.014453 0.000162 0.925619 0.018655 
0.000046 0.004539 0.907968 0.063904 0.023543 
0.095387 0.120263 0.781384 0.002554 0.000413 
0.000960 0.021769 0.830135 0.088383 0.058754 
0.113322 0.696138 0.147159 0.042703 0.000679 
0.005976 0.043798 0.786246 0.042054 0.121926 
0.016449 0.721219 0.102671 0.066389 0.093272 
0.930142 0.001294 0.014359 0.037888 0.016317 
0.109662 0.685604 0.097681 0.106721 0.000332 
0.928490 0.019286 0.044190 0.001076 0.006958 
0.001283 0.155906 0.005920 0.803297 0.033594 
0.062457 0.017469 0.735228 0.141484 0.043363 
0.101652 0.077547 0.710896 0.098085 0.011820 
0.019418 0.107269 0.085124 0.705924 0.082265 
0.035212 0.124846 0.719668 0.001249 0.119025 
0.046891 0.161448 0.654058 0.014860 0.122742 
0.007219 0.009503 0.946513 0.035015 0.001750 
0.009849 0.046362 0.142662 0.665281 0.135846 
0.968421 0.002106 0.005596 0.002835 0.021042 
0.018833 0.022569 0.823515 0.003912 0.131171 
0.039758 0.064735 0.049788 0.840287 0.005431 
0.595733 0.025068 0.166059 0.124583 0.088557 
0.042779 0.055008 0.015253 0.841833 0.045127 
0.001025 0.887491 0.044898 0.014523 0.052063 
0.021232 0.025580 0.894216 0.005976 0.052997 
0.215653 0.033544 0.030177 0.681552 0.039075 
0.047820 0.021639 0.856321 0.068992 0.005229 
0.014766 0.053011 0.840207 0.005330 0.086687 
0.005295 0.061703 0.746516 0.109165 0.077322 
0.002166 0.086715 0.736339 0.085310 0.089471 
0.065488 0.010252 0.132535 0.734163 0.057563 
0.000078 0.980097 0.013404 0.004785 0.001636 
0.038661 0.101923 0.738425 0.069587 0.051403 
0.002167 0.174232 0.718190 0.012722 0.092689 
0.006344 0.765095 0.104429 0.002814 0.121318 
0.843442 0.000020 0.042171 0.078048 0.036319 
0.028489 0.854565 0.003348 0.042985 0.070612 
0.070725 0.098200 0.776012 0.025417 0.029645 
0.029948 0.035115 0.035105 0.870198 0.029634 
0.142287 0.179408 0.086794 0.591059 0.000452 
0.732757 0.085453 0.017820 0.064651 0.099319 
0.000019 0.055588 0.001743 0.942127 0.000523 
0.089374 0.076489 0.061577 0.772412 0.000148 
0.004927 0.038783 0.833842 0.115225 0.007223 
0.062500 0.752748 0.077179 0.013762 0.093811 
0.010474 0.051250 0.909901 0.007394 0.020981 
0.045288 0.046241 0.018284 0.014891 0.875295 
0.098402 0.044656 0.010248 0.752147 0.094547 
0.041431 0.114717 0.838647 0.001858 0.003347 
0.130086 0.037061 0.131448 0.018111 0.683293 
0.000104 0.008691 0.881516 0.038900 0.070789 
0.009414 0.881638 0.040586 0.019566 0.048796 
0.020587 0.840861 0.005022 0.074265 0.059266 
0.021841 0.054152 0.890772 0.009988 0.023247 
0.015653 0.002302 0.963454 0.000898 0.017694 
0.003542 0.043173 0.070256 0.882693 0.000336 
0.163883 0.018275 0.722949 0.093954 0.000940 
0.000509 0.013733 0.092534 0.000506 0.892718 
0.020573 0.857385 0.064867 0.046114 0.011061 
0.025500 0.005184 0.059139 0.864992 0.045184 
0.097629 0.058184 0.084914 0.749036 0.010239 
0.155873 0.151587 0.000466 0.649107 0.042967 
0.085928 0.801787 0.045118 0.028115 0.039051 
0.034629 0.083297 0.072575 0.781331 0.028168 
0.049455 0.020157 0.006290 0.866828 0.057270 
0.030432 0.007987 0.122557 0.786803 0.052222 
0.149612 0.094793 0.037467 0.038873 0.679256 
0.074984 0.080079 0.713309 0.090855 0.040773 
0.064849 0.077837 0.674942 0.070037 0.112335 
0.033546 0.030807 0.095032 0.828367 0.012248 
0.097166 0.095815 0.776805 0.005655 0.024559 
0.003168 0.000001 0.019052 0.977087 0.000692 
0.089987 0.763717 0.000064 0.071629 0.074603 
0.002952 0.090135 0.028468 0.785211 0.093234 
0.071121 0.133147 0.086919 0.023375 0.685438 
0.000122 0.022836 0.968337 0.003990 0.004716 
0.054622 0.017772 0.817378 0.106643 0.003585 
0.043289 0.057630 0.000034 0.801907 0.097141 
0.035090 0.082245 0.102563 0.062336 0.717766 
0.002597 0.012597 0.847715 0.008908 0.128183 
0.090499 0.052105 0.020364 0.098451 0.738581 
0.074112 0.012735 0.026813 0.039796 0.846545 
0.001047 0.089597 0.815546 0.002999 0.090810 
0.007505 0.067454 0.066693 0.050010 0.808338 
0.001956 0.061934 0.134933 0.072127 0.729050 
0.000884 0.047758 0.884294 0.048539 0.018525 
0.027320 0.081562 0.002988 0.885651 0.002478 
0.000500 0.025286 0.848132 0.059803 0.066279 
0.001702 0.047896 0.040379 0.907501 0.002522 
0.093368 0.092650 0.772473 0.033154 0.008354 
0.121035 0.041710 0.720393 0.030391 0.086471 
0.045456 0.001395 0.156319 0.780131 0.016699 
0.024460 0.061516 0.141002 0.081030 0.691993 
0.043991 0.052084 0.075309 0.772411 0.056206 
0.088614 0.002844 0.065854 0.087429 0.755259 
0.111907 0.041075 0.005510 0.797527 0.043981 
0.000114 0.088047 0.000916 0.898660 0.012264 
0.011301 0.009369 0.005949 0.969453 0.003928 
0.006031 0.057493 0.051026 0.845281 0.040168 
0.081949 0.003656 0.017268 0.731936 0.165191 
0.006922 0.138476 0.727436 0.002607 0.124559 
0.000042 0.013861 0.019332 0.888953 0.077812 
0.037695 0.001762 0.810059 0.036977 0.113507 
0.093679 0.010982 0.081156 0.032207 0.781977 
0.052898 0.051042 0.012496 0.039939 0.843626 
0.022871 0.074915 0.793267 0.081400 0.027547 
0.021291 0.122830 0.051785 0.804007 0.000086 
0.023685 0.019562 0.004366 0.026589 0.925798 
0.070364 0.010805 0.124652 0.697351 0.096828 
0.137898 0.000259 0.007247 0.853480 0.001117 
0.113645 0.001851 0.019012 0.002787 0.862705 
0.004186 0.044817 0.033604 0.898787 0.018606 
0.088156 0.101963 0.080198 0.661734 0.067949 
0.001871 0.073196 0.004656 0.868246 0.052031 
0.130058 0.734587 0.009548 0.048460 0.077347 
0.045722 0.151625 0.102524 0.678335 0.021794 
0.002223 0.045440 0.085026 0.793465 0.073845 
0.131675 0.129029 0.043673 0.088216 0.607407 
0.108845 0.095093 0.130031 0.024535 0.641496 
0.040318 0.101352 0.038100 0.742431 0.077799 
0.002530 0.177910 0.007807 0.808184 0.003568 
0.085544 0.044202 0.054019 0.042641 0.773594 
0.017141 0.017930 0.051997 0.003889 0.909043 
0.165159 0.012382 0.098967 0.093400 0.630091 
0.055620 0.101207 0.110425 0.008680 0.724069 
0.044512 0.102836 0.056088 0.773196 0.023367 
0.058923 0.021023 0.080438 0.826841 0.012775 
0.002229 0.034303 0.045782 0.886556 0.031130 
0.000008 0.000076 0.001064 0.977715 0.021137 
0.154614 0.092608 0.001061 0.013341 0.738376 
0.025152 0.015908 0.076114 0.026050 0.856777 
0.028802 0.065492 0.043027 0.003424 0.859255 
0.028430 0.048626 0.012744 0.060861 0.849340 
0.129049 0.037871 0.102596 0.002059 0.728426 
0.000000 0.111802 0.022542 0.078370 0.787287 
0.034835 0.052204 0.018857 0.826173 0.067931 
0.048756 0.072945 0.054504 0.008285 0.815510 
0.074969 0.075907 0.085505 0.099010 0.664609 
0.107341 0.062862 0.057000 0.007063 0.765733 
0.151693 0.122449 0.682527 0.013258 0.030073 
0.003282 0.026831 0.174214 0.162533 0.633140 
0.132174 0.075543 0.097877 0.088032 0.606373 
0.034497 0.091571 0.112712 0.009613 0.751607 
0.001204 0.029334 0.061869 0.872824 0.034769 
0.003805 0.046820 0.000324 0.000925 0.948127 
0.022814 0.036833 0.030763 0.000625 0.908965 
0.008666 0.858724 0.073686 0.023750 0.035174 
0.035701 0.009596 0.023480 0.083004 0.848219 
0.066261 0.062965 0.002014 0.084564 0.784196 
0.052546 0.010178 0.004531 0.084226 0.848519 
0.089426 0.047848 0.049412 0.007993 0.805320 
0.051596 0.049791 0.107489 0.078171 0.712954 
0.055326 0.020342 0.068062 0.798419 0.057851 
0.005555 0.048980 0.017695 0.857277 0.070493 
0.061200 0.047547 0.016114 0.765421 0.109718 
0.091615 0.014265 0.060882 0.045626 0.787612 
0.081187 0.119939 0.081591 0.068184 0.649099 
0.001438 0.008386 0.076470 0.109968 0.803738 
0.020239 0.047467 0.001669 0.092610 0.838014 
0.001365 0.066710 0.015982 0.032094 0.883849 
0.109404 0.066051 0.098141 0.019898 0.706507 
0.008940 0.000246 0.000172 0.032716 0.957926 
0.005419 0.016182 0.011303 0.090775 0.876321 
0.029271 0.051447 0.005030 0.109421 0.804832 
0.000260 0.126960 0.105450 0.725548 0.041782 
0.000094 0.004959 0.000565 0.000918 0.993465 
0.001548 0.003878 0.073082 0.790626 0.130866 
0.086109 0.054191 0.088318 0.098292 0.673090 
0.110625 0.000453 0.883662 0.000284 0.004975 
0.049198 0.079153 0.025100 0.001900 0.844649 
0.072491 0.029735 0.000125 0.039442 0.858207 
0.010894 0.077597 0.063616 0.067618 0.780275 
0.011527 0.075115 0.011316 0.887328 0.014714 
0.123185 0.002495 0.002058 0.066777 0.805485 
0.056012 0.082771 0.031549 0.023960 0.805707 
0.077095 0.000082 0.030497 0.130300 0.762026 
0.007243 0.109053 0.116848 0.053172 0.713683 
0.001111 0.129822 0.082336 0.078942 0.707789 
0.068629 0.037033 0.014798 0.002299 0.877240 
0.072704 0.051476 0.003823 0.120461 0.751536 
0.009153 0.051370 0.096799 0.059921 0.782757 
0.008849 0.100755 0.085670 0.001798 0.802927 
0.016509 0.000706 0.024129 0.923690 0.034965 
0.024101 0.114017 0.674924 0.112488 0.074469 
0.062546 0.008353 0.085514 0.062713 0.780874 
0.059190 0.013770 0.067425 0.001876 0.857739 
0.480758 0.143883 0.152623 0.113349 0.109387 
0.138571 0.575263 0.115412 0.129427 0.041328 
0.000000 0.155658 0.710923 0.024856 0.108562 
0.115406 0.131354 0.036588 0.705610 0.011042 
0.574125 0.111279 0.144026 0.162390 0.008179 
0.090731 0.122642 0.103472 0.582974 0.100181 
0.140841 0.590477 0.124824 0.015647 0.128210 
0.070701 0.129545 0.083090 0.561231 0.155432 
0.068770 0.050637 0.140756 0.102224 0.637612 
0.062701 0.047863 0.116910 0.125883 0.646642 
0.010865 0.021331 0.000405 0.103068 0.864330 
0.134290 0.018321 0.085776 0.004274 0.757339 
0.049534 0.000855 0.091406 0.001901 0.856304 
0.029759 0.073431 0.065456 0.037549 0.793805 
0.033430 0.030885 0.020566 0.021323 0.893797 
0.005619 0.000171 0.044189 0.848660 0.101361 
0.098920 0.892296 0.004286 0.003606 0.000891 
0.026146 0.059462 0.870613 0.003728 0.040051 
0.000707 0.001248 0.974815 0.005875 0.017356 
0.060664 0.000153 0.902831 0.036162 0.000190 
0.000006 0.036246 0.886545 0.050010 0.027192 
0.085668 0.689845 0.073230 0.034910 0.116347 
0.008063 0.007008 0.918793 0.058740 0.007396 
0.063408 0.100279 0.732258 0.005909 0.098146 
0.022218 0.026491 0.924208 0.001736 0.025346 
0.093405 0.008464 0.892842 0.004955 0.000334 
0.005851 0.905490 0.003233 0.026428 0.058998 
0.036176 0.946333 0.002600 0.000066 0.014825 
0.000214 0.001816 0.000005 0.974026 0.023938 
0.057577 0.000648 0.934012 0.001658 0.006105 
0.025663 0.000235 0.953027 0.017315 0.003761 
0.056034 0.013043 0.876130 0.014378 0.040415 
0.002761 0.050295 0.851718 0.063260 0.031967 
0.014107 0.765913 0.077430 0.048519 0.094030 
0.002049 0.043149 0.866096 0.020726 0.067979 
0.040877 0.002922 0.914666 0.004079 0.037457 
0.004255 0.000777 0.026109 0.957527 0.011332 
0.004349 0.010504 0.902965 0.047529 0.034653 
0.016179 0.891658 0.056437 0.000120 0.035605 
0.008727 0.003858 0.933743 0.003745 0.049926 
0.053090 0.010062 0.066438 0.847736 0.022674 
0.053451 0.021034 0.000550 0.892312 0.032653 
0.000168 0.046807 0.926743 0.003846 0.022436 
0.031302 0.001705 0.000633 0.949481 0.016879 
0.051998 0.001695 0.914901 0.008541 0.022865 
0.046718 0.029884 0.791401 0.050115 0.081882 
0.059265 0.049219 0.018393 0.869607 0.003517 
0.061542 0.035756 0.021795 0.864525 0.016381 
0.073747 0.041513 0.014644 0.868630 0.001466 
0.059271 0.008599 0.008804 0.888061 0.035265 
0.030700 0.080436 0.008227 0.815431 0.065206 
0.025366 0.009555 0.000111 0.949179 0.015789 
0.026904 0.079440 0.077124 0.062432 0.754099 
